#m=0,S=2
0 -11.3816
0.000125 -8.5496
0.00025 -13.4103
0.000375 -24.2489
0.0005 -37.7999
0.000625 -49.9287
0.00075 -56.5011
0.000875 -54.2673
0.001 -41.5847
0.001125 -18.8318
0.00125 11.5706
0.001375 45.5406
0.0015 78.0477
0.001625 104.02
0.00175 119.273
0.001875 121.279
0.002 109.632
0.002125 86.118
0.00225 54.38
0.002375 19.2458
0.0025 -14.1504
0.002625 -41.2817
0.00275 -59.0036
0.002875 -66.0448
0.003 -63.1271
0.003125 -52.702
0.00325 -38.3654
0.003375 -24.0755
0.0035 -13.3343
0.003625 -8.49508
0.00375 -10.3313
0.003875 -17.9453
0.004 -29.0245
0.004125 -40.3844
0.00425 -48.6785
0.004375 -51.1255
0.0045 -46.1043
0.004625 -33.4969
0.00475 -14.7135
0.004875 7.5981
0.005 30.0925
0.005125 49.3984
0.00525 62.782
0.005375 68.6619
0.0055 66.8745
0.005625 58.6389
0.00575 46.2353
0.005875 32.4739
0.006 20.0689
0.006125 11.0565
0.00625 6.38136
0.006375 5.73681
0.0065 7.69351
0.006625 10.0829
0.00675 10.5505
0.006875 7.15476
0.007 -1.1216
0.007125 -14.0633
0.00725 -30.1892
0.007375 -47.0072
0.0075 -61.507
0.007625 -70.7888
0.00775 -72.6949
0.007875 -66.3072
0.008 -52.2003
0.008125 -32.3892
0.00825 -9.97493
0.008375 11.4468
0.0085 28.4916
0.008625 38.6675
0.00875 40.8832
0.008875 35.6775
0.009 25.1134
0.009125 12.3538
0.00925 0.998781
0.009375 -5.68282
0.0095 -5.46932
0.009625 2.29868
0.00975 16.5167
0.009875 34.4779
0.01 52.3734
0.010125 66.0387
0.01025 71.8016
0.010375 67.2594
0.0105 51.832
0.010625 26.9687
0.01075 -4.03708
0.010875 -36.5981
0.011 -65.6503
0.011125 -86.579
0.01125 -96.0782
0.011375 -92.7724
0.0115 -77.4824
0.011625 -53.078
0.01175 -23.9434
0.011875 4.83944
0.012 28.4373
0.012125 43.157
0.01225 47.1106
0.012375 40.5285
0.0125 25.6633
0.012625 6.30394
0.01275 -12.9972
0.012875 -27.8352
0.013 -34.8188
0.013125 -32.226
0.01325 -20.3209
0.013375 -1.27624
0.0135 21.2786
0.013625 42.9906
0.01375 59.6471
0.013875 68.0005
0.014 66.3904
0.014125 55.0448
0.01425 36.0045
0.014375 12.6953
0.0145 -10.7648
0.014625 -30.3767
0.01475 -43.03
0.014875 -47.0777
0.015 -42.6061
0.015125 -31.3533
0.01525 -16.3013
0.015375 -1.03141
0.0155 11.0209
0.015625 17.2586
0.01575 16.4245
0.015875 8.81413
0.016 -3.83543
0.016125 -18.7492
0.01625 -32.7193
0.016375 -42.7804
0.0165 -46.8142
0.016625 -43.9576
0.01675 -34.7349
0.016875 -20.8934
0.017 -4.98512
0.017125 10.2099
0.01725 22.2897
0.017375 29.7343
0.0175 32.1973
0.017625 30.5252
0.01775 26.5016
0.017875 22.376
0.018 20.2837
0.018125 21.6869
0.01825 26.9656
0.018375 35.253
0.0185 44.561
0.018625 52.1734
0.01875 55.2321
0.018875 51.3915
0.019 39.402
0.019125 19.4925
0.01925 -6.53692
0.019375 -35.5441
0.0195 -63.5623
0.019625 -86.503
0.01975 -100.916
0.019875 -104.645
0.02 -97.2531
0.020125 -80.1149
0.02025 -56.167
0.020375 -29.3466
0.0205 -3.83808
0.020625 16.7298
0.02075 29.972
0.020875 35.1804
0.021 33.4129
0.021125 27.2171
0.02125 20.042
0.021375 15.4552
0.0215 16.326
0.021625 24.141
0.02175 38.598
0.021875 57.5676
0.022 77.4398
0.022125 93.7947
0.02225 102.272
0.022375 99.4646
0.0225 83.6698
0.022625 55.3329
0.02275 17.0999
0.022875 -26.545
0.023 -69.994
0.023125 -107.451
0.02325 -133.916
0.023375 -146.03
0.0235 -142.627
0.023625 -124.889
0.02375 -96.0808
0.023875 -60.9191
0.024 -24.6985
0.024125 7.65407
0.02425 32.4127
0.024375 47.6272
0.0245 53.3307
0.024625 51.3531
0.02475 44.7934
0.024875 37.2644
0.025 32.0697
0.025125 31.4809
0.02525 36.2612
0.025375 45.5249
0.0255 56.9556
0.025625 67.3325
0.02575 73.2498
0.025875 71.878
0.026 61.6105
0.026125 42.4606
0.02625 16.1322
0.026375 -14.252
0.0265 -44.705
0.026625 -71.1012
0.02675 -89.9254
0.026875 -98.8958
0.027 -97.3411
0.027125 -86.2601
0.02725 -68.0624
0.027375 -46.0494
0.0275 -23.749
0.027625 -4.24232
0.02775 10.3789
0.027875 19.3183
0.028 23.0911
0.028125 23.256
0.02825 21.9357
0.028375 21.2351
0.0285 22.6916
0.028625 26.8801
0.02875 33.2618
0.028875 40.3092
0.029 45.8785
0.029125 47.7476
0.02925 44.1967
0.029375 34.4991
0.0295 19.2081
0.029625 0.165212
0.02975 -19.7809
0.029875 -37.2983
0.03 -49.2302
0.030125 -53.2568
0.03025 -48.417
0.030375 -35.3744
0.0305 -16.3639
0.030625 5.18281
0.03075 25.2667
0.030875 40.0815
0.031 46.7591
0.031125 43.9457
0.03125 32.0895
0.031375 13.3751
0.0315 -8.68323
0.031625 -29.9234
0.03175 -46.3456
0.031875 -54.9051
0.032 -54.114
0.032125 -44.3395
0.03225 -27.7277
0.032375 -7.7718
0.0325 11.4019
0.032625 25.8753
0.03275 32.7533
0.032875 30.7728
0.033 20.5902
0.033125 4.67682
0.03325 -13.1539
0.033375 -28.51
0.0335 -37.3124
0.033625 -36.6514
0.03375 -25.4266
0.033875 -4.64439
0.034 22.6889
0.034125 52.0733
0.03425 78.3163
0.034375 96.4814
0.0345 102.812
0.034625 95.4399
0.03475 74.7482
0.034875 43.3298
0.035 5.53094
0.035125 -33.3144
0.03525 -67.8149
0.035375 -93.4546
0.0355 -107.327
0.035625 -108.566
0.03575 -98.3704
0.035875 -79.6602
0.036 -56.4158
0.036125 -32.861
0.03625 -12.6367
0.036375 1.85342
0.0365 9.81947
0.036625 12.1024
0.03675 10.8539
0.036875 8.94804
0.037 9.26003
0.037125 13.9645
0.03725 24.001
0.037375 38.8191
0.0375 56.4478
0.037625 73.8806
0.03775 87.6816
0.037875 94.6967
0.038 92.7119
0.038125 80.9286
0.03825 60.1574
0.038375 32.696
0.0385 1.91084
0.038625 -28.3734
0.03875 -54.5701
0.038875 -73.9513
0.039 -85.0779
0.039125 -87.9611
0.03925 -83.9195
0.039375 -75.1816
0.0395 -64.3221
0.039625 -53.6579
0.03975 -44.7411
0.039875 -38.0551
0.04 -32.9791
0.040125 -28.0278
0.04025 -21.3071
0.040375 -11.0843
0.0405 3.66218
0.040625 22.8389
0.04075 45.0771
0.040875 67.8707
0.041 87.9818
0.041125 102.053
0.04125 107.288
0.041375 102.069
0.0415 86.3691
0.041625 61.8715
0.04175 31.7483
0.041875 0.146458
0.042 -28.5456
0.042125 -50.4851
0.04225 -63.0859
0.042375 -65.486
0.0425 -58.6916
0.042625 -45.3525
0.04275 -29.2174
0.042875 -14.3638
0.043 -4.36709
0.043125 -1.56235
0.04325 -6.55932
0.043375 -18.1042
0.0435 -33.3249
0.043625 -48.3104
0.04375 -58.9189
0.043875 -61.645
0.044 -54.3821
0.044125 -36.9177
0.04425 -11.06
0.044375 19.6346
0.0445 50.4816
0.044625 76.5334
0.04475 93.4995
0.044875 98.5673
0.045 90.9419
0.045125 72.0121
0.04525 45.1032
0.045375 14.8592
0.0455 -13.6189
0.045625 -35.7146
0.04575 -48.1464
0.045875 -49.5447
0.046 -40.666
0.046125 -24.1938
0.04625 -4.17392
0.046375 14.8007
0.0465 28.4938
0.046625 33.8479
0.04675 29.5558
0.046875 16.2828
0.047 -3.49974
0.047125 -26.0326
0.04725 -47.0252
0.047375 -62.4969
0.0475 -69.5439
0.047625 -66.8697
0.04775 -54.992
0.047875 -36.0869
0.048 -13.511
0.048125 8.88995
0.04825 27.5426
0.048375 39.8304
0.0485 44.5506
0.048625 42.0731
0.04875 34.1677
0.048875 23.5502
0.049 13.2523
0.049125 5.94477
0.04925 3.36659
0.049375 5.97168
0.0495 12.8656
0.049625 22.0392
0.04975 30.8458
0.049875 36.61
0.05 37.2417
0.050125 31.7156
0.05025 20.3184
0.050375 4.60639
0.0505 -12.9102
0.050625 -29.2965
0.05075 -41.8096
0.050875 -48.4819
0.051 -48.5329
0.051125 -42.5283
0.05125 -32.2451
0.051375 -20.2754
0.0515 -9.446
0.051625 -2.18714
0.05175 0.021193
0.051875 -3.00396
0.052 -10.0829
0.052125 -18.9122
0.05225 -26.5595
0.052375 -30.1185
0.0525 -27.3805
0.052625 -17.3827
0.05275 -0.711498
0.052875 20.5172
0.053 43.0006
0.053125 62.856
0.05325 76.3811
0.053375 80.8032
0.0535 74.8747
0.053625 59.1814
0.05375 36.0946
0.053875 9.36698
0.054 -16.5511
0.054125 -37.3576
0.05425 -49.7223
0.054375 -51.943
0.0545 -44.2856
0.054625 -28.9452
0.05475 -9.62383
0.054875 9.19004
0.055 23.1131
0.055125 28.7408
0.05525 24.346
0.055375 10.2505
0.0555 -11.2004
0.055625 -36.0573
0.05575 -59.5112
0.055875 -76.8079
0.056 -84.1616
0.056125 -79.4941
0.05625 -62.8474
0.056375 -36.394
0.0565 -4.04838
0.056625 29.2578
0.05675 58.4803
0.056875 79.3783
0.057 89.2721
0.057125 87.4834
0.05725 75.3924
0.057375 56.0993
0.0575 33.7632
0.057625 12.7571
0.05775 -3.19145
0.057875 -11.7131
0.058 -12.2111
0.058125 -5.91428
0.05825 4.44302
0.058375 15.2398
0.0585 22.7559
0.058625 23.9674
0.05875 17.1917
0.058875 2.45149
0.059 -18.5105
0.059125 -42.5585
0.05925 -65.7738
0.059375 -84.204
0.0595 -94.6192
0.059625 -95.1071
0.05975 -85.4045
0.059875 -66.8999
0.06 -42.321
0.060125 -15.1714
0.06025 10.948
0.060375 33.0093
0.0605 49.0659
0.060625 58.5096
0.06075 62.0359
0.060875 61.3284
0.061 58.5494
0.061125 55.7521
0.06125 54.3486
0.061375 54.7543
0.0615 56.2862
0.061625 57.3387
0.06175 55.7967
0.061875 49.5936
0.062 37.2896
0.062125 18.5356
0.06225 -5.68427
0.062375 -33.0917
0.0625 -60.4481
0.062625 -84.1095
0.06275 -100.697
0.062875 -107.759
0.063 -104.26
0.063125 -90.8184
0.06325 -69.6123
0.063375 -43.9938
0.0635 -17.8526
0.063625 5.11516
0.06375 22.1044
0.063875 31.7094
0.064 34.1536
0.064125 31.1696
0.06425 25.5696
0.064375 20.5842
0.0645 19.1106
0.064625 23.0211
0.06475 32.6871
0.064875 46.8192
0.065 62.6621
0.065125 76.5256
0.06525 84.5344
0.065375 83.4605
0.0655 71.4629
0.065625 48.5859
0.06575 16.8966
0.065875 -19.7658
0.066 -56.4002
0.066125 -87.7017
0.06625 -108.998
0.066375 -117.11
0.0665 -110.937
0.066625 -91.6765
0.06675 -62.6225
0.066875 -28.576
0.067 5.01368
0.067125 33.0219
0.06725 51.5497
0.067375 58.5773
0.0675 54.2656
0.067625 40.8288
0.06775 22.0295
0.067875 2.39661
0.068 -13.6919
0.068125 -22.8587
0.06825 -23.3607
0.068375 -15.3799
0.0685 -0.926517
0.068625 16.6281
0.06875 33.277
0.068875 45.22
0.069 49.6477
0.069125 45.3126
0.06925 32.7763
0.069375 14.2845
0.0695 -6.69775
0.069625 -26.1857
0.06975 -40.4846
0.069875 -46.9212
0.07 -44.3679
0.070125 -33.4512
0.07025 -16.4128
0.070375 3.35454
0.0705 21.9838
0.070625 35.8939
0.07075 42.4754
0.070875 40.5674
0.071 30.6377
0.071125 14.6324
0.07125 -4.45979
0.071375 -23.2288
0.0715 -38.5326
0.071625 -48.0896
0.07175 -50.8718
0.071875 -47.2166
0.072 -38.6478
0.072125 -27.4494
0.07225 -16.0984
0.072375 -6.68179
0.0725 -0.431141
0.072625 2.52962
0.07275 3.15901
0.072875 3.2109
0.073 4.7479
0.073125 9.56621
0.07325 18.6647
0.073375 31.8812
0.0735 47.7862
0.073625 63.8685
0.07375 76.9794
0.073875 83.9636
0.074 82.3282
0.074125 70.8228
0.07425 49.8027
0.074375 21.2806
0.0745 -11.3433
0.074625 -43.8374
0.07475 -71.876
0.074875 -91.8052
0.075 -101.31
0.075125 -99.8151
0.07525 -88.5574
0.075375 -70.3146
0.0755 -48.8228
0.075625 -28.0199
0.07575 -11.2529
0.075875 -0.616559
0.076 3.44067
0.076125 2.1671
0.07625 -1.80998
0.076375 -5.09864
0.0765 -4.33347
0.076625 3.01843
0.07675 18.0055
0.076875 39.8331
0.077 65.8815
0.077125 92.1002
0.07725 113.731
0.077375 126.198
0.0775 126.01
0.077625 111.493
0.07775 83.2129
0.077875 43.9796
0.078 -1.55076
0.078125 -47.6225
0.07825 -88.3366
0.078375 -118.625
0.0785 -135.097
0.078625 -136.553
0.07875 -124.11
0.078875 -100.913
0.079 -71.4779
0.079125 -40.823
0.07925 -13.5406
0.079375 7.00695
0.0795 19.2109
0.079625 23.3829
0.07975 21.5223
0.079875 16.7598
0.08 12.5948
0.080125 12.082
0.08025 17.1411
0.080375 28.1241
0.0805 43.7266
0.080625 61.2499
0.08075 77.1682
0.080875 87.8647
0.081 90.3947
0.081125 83.115
0.08125 66.0564
0.081375 40.9586
0.0815 10.9716
0.081625 -19.9198
0.08175 -47.6173
0.081875 -68.6568
0.082 -80.7991
0.082125 -83.3758
0.08225 -77.3167
0.082375 -64.8692
0.0825 -49.068
0.082625 -33.0818
0.08275 -19.5687
0.082875 -10.1806
0.083 -5.3049
0.083125 -4.10363
0.08325 -4.8216
0.083375 -5.29172
0.0835 -3.52008
0.083625 1.78194
0.08375 10.8395
0.083875 22.7104
0.084 35.461
0.084125 46.5817
0.08425 53.5606
0.084375 54.4762
0.0845 48.4852
0.084625 36.0936
0.08475 19.1362
0.084875 0.467818
0.085 -16.5811
0.085125 -28.8761
0.08525 -34.1328
0.085375 -31.4254
0.0855 -21.4233
0.085625 -6.30711
0.08575 10.6261
0.085875 25.6094
0.086 35.1591
0.086125 36.7972
0.08625 29.5863
0.086375 14.3687
0.0865 -6.35276
0.086625 -28.8701
0.08675 -48.9789
0.086875 -62.8031
0.087 -67.5682
0.087125 -62.1755
0.08725 -47.4453
0.087375 -25.9836
0.0875 -1.69822
0.087625 20.9641
0.08775 37.8852
0.087875 46.0939
0.088 44.3641
0.088125 33.474
0.08825 16.0667
0.088375 -3.86167
0.0885 -21.7495
0.088625 -33.3801
0.08875 -35.734
0.088875 -27.6218
0.089 -9.958
0.089125 14.371
0.08925 41.0195
0.089375 64.9985
0.0895 81.61
0.089625 87.3414
0.08975 80.536
0.089875 61.7189
0.09 33.5071
0.090125 0.13194
0.09025 -33.3389
0.090375 -61.9141
0.0905 -81.5808
0.090625 -89.9843
0.09075 -86.7897
0.090875 -73.6499
0.091 -53.8043
0.091125 -31.3817
0.09125 -10.5683
0.091375 5.20343
0.0915 13.8823
0.091625 15.1219
0.09175 10.2512
0.091875 1.89887
0.092 -6.63364
0.092125 -12.1172
0.09225 -12.1085
0.092375 -5.47615
0.0925 7.35756
0.092625 24.5072
0.09275 43.015
0.092875 59.4714
0.093 70.7118
0.093125 74.4601
0.09325 69.7792
0.093375 57.2432
0.0935 38.7961
0.093625 17.3368
0.09375 -3.88078
0.093875 -21.8955
0.094 -34.6164
0.094125 -41.1845
0.09425 -42.0668
0.094375 -38.8585
0.0945 -33.8469
0.094625 -29.4315
0.09475 -27.5341
0.094875 -29.1286
0.095 -33.9938
0.095125 -40.7473
0.09525 -47.1544
0.095375 -50.6453
0.0955 -48.9297
0.095625 -40.5742
0.09575 -25.4124
0.095875 -4.69217
0.096 19.0788
0.096125 42.568
0.09625 62.2414
0.096375 75.0688
0.0965 79.1361
0.096625 74.056
0.09675 61.078
0.096875 42.8641
0.097 22.9733
0.097125 5.15277
0.09725 -7.42325
0.097375 -12.8061
0.0975 -10.6908
0.097625 -2.49306
0.09775 8.9272
0.097875 19.8475
0.098 26.4678
0.098125 25.728
0.09825 16.0036
0.098375 -2.47247
0.0985 -27.545
0.098625 -55.4683
0.09875 -81.5583
0.098875 -101.056
0.099 -110.034
0.099125 -106.167
0.09925 -89.2158
0.099375 -61.1282
0.0995 -25.7242
0.099625 11.9577
0.09975 46.5659
0.099875 73.3772
0.1 89.1261
0.100125 92.5505
0.10025 84.5545
0.100375 67.9596
0.1005 46.8959
0.100625 25.956
0.10075 9.28681
0.100875 -0.222095
0.101 -1.469
0.101125 4.69119
0.10125 15.6778
0.101375 27.7585
0.1015 36.8582
0.101625 39.4264
0.10175 33.1987
0.101875 17.6961
0.102 -5.62834
0.102125 -33.6364
0.10225 -62.0771
0.102375 -86.3811
0.1025 -102.509
0.102625 -107.708
0.10275 -101.001
0.102875 -83.3397
0.103 -57.397
0.103125 -27.0415
0.10325 3.40207
0.103375 29.9355
0.1035 49.578
0.103625 60.8195
0.10375 63.7737
0.103875 59.9901
0.104 51.9973
0.104125 42.6747
0.10425 34.5958
0.104375 29.4747
0.1045 27.8414
0.104625 28.9995
0.10475 31.2711
0.104875 32.4645
0.105 30.4603
0.105125 23.7778
0.10525 11.9961
0.105375 -4.06149
0.1055 -22.4345
0.105625 -40.3889
0.10575 -54.9718
0.105875 -63.6336
0.106 -64.7823
0.106125 -58.155
0.10625 -44.9113
0.106375 -27.4344
0.1065 -8.86937
0.106625 7.49938
0.10675 18.9184
0.106875 23.7217
0.107 21.6698
0.107125 13.9919
0.10725 3.11664
0.107375 -7.85329
0.1075 -15.8164
0.107625 -18.3563
0.10775 -14.2889
0.107875 -3.95579
0.108 10.8063
0.108125 27.0196
0.10825 41.1702
0.108375 49.9572
0.1085 51.0127
0.108625 43.4551
0.10875 28.1485
0.108875 7.61254
0.109 -14.4244
0.109125 -33.7284
0.10925 -46.3981
0.109375 -49.6646
0.1095 -42.4937
0.109625 -25.8635
0.10975 -2.64979
0.109875 22.8637
0.11 45.758
0.110125 61.4099
0.11025 66.3726
0.110375 59.058
0.1105 40.0745
0.110625 12.1611
0.11075 -20.2916
0.110875 -52.0225
0.111 -77.8505
0.111125 -93.6023
0.11125 -96.861
0.111375 -87.3658
0.1115 -67.0125
0.111625 -39.4487
0.11175 -9.35849
0.111875 18.4459
0.112 39.9143
0.112125 52.4824
0.11225 55.481
0.112375 50.1611
0.1125 39.3375
0.112625 26.7273
0.11275 16.1262
0.112875 10.591
0.113 11.786
0.113125 19.636
0.11325 32.3413
0.113375 46.7553
0.1135 59.0361
0.113625 65.4539
0.11375 63.1715
0.113875 50.8536
0.114 28.9853
0.114125 -0.173071
0.11425 -32.9683
0.114375 -65.0034
0.1145 -91.9212
0.114625 -110.16
0.11475 -117.554
0.114875 -113.644
0.115 -99.6583
0.115125 -78.1814
0.11525 -52.5936
0.115375 -26.3835
0.1155 -2.50525
0.115625 17.1087
0.11575 31.7733
0.115875 41.9975
0.116 49.1545
0.116125 54.9797
0.11625 61.0085
0.116375 68.0861
0.1165 76.0682
0.116625 83.7761
0.11675 89.2254
0.116875 90.0783
0.117 84.2194
0.117125 70.3296
0.11725 48.3235
0.117375 19.5476
0.1175 -13.3068
0.117625 -46.5951
0.11775 -76.313
0.117875 -98.8001
0.118 -111.403
0.118125 -112.961
0.11825 -104.019
0.118375 -86.7094
0.1185 -64.3275
0.118625 -40.6907
0.11875 -19.3885
0.118875 -3.10203
0.119 6.88675
0.119125 10.8859
0.11925 10.6452
0.119375 8.90001
0.1195 8.6965
0.119625 12.6435
0.11975 22.2475
0.119875 37.472
0.12 56.6282
0.120125 76.6211
0.12025 93.5183
0.120375 103.326
0.1205 102.831
0.120625 90.327
0.12075 66.0756
0.120875 32.4034
0.121 -6.58827
0.121125 -45.6854
0.12125 -79.4377
0.121375 -103.114
0.1215 -113.536
0.121625 -109.659
0.12175 -92.7421
0.121875 -66.1159
0.122 -34.5632
0.122125 -3.45083
0.12225 22.2528
0.122375 38.8506
0.1225 44.5428
0.122625 39.6792
0.12275 26.6005
0.122875 9.0998
0.123 -8.37827
0.123125 -21.6431
0.12325 -27.5857
0.123375 -24.7779
0.1235 -13.714
0.123625 3.33396
0.12375 22.8167
0.123875 40.6513
0.124 53.0706
0.124125 57.3863
0.12425 52.5278
0.124375 39.2475
0.1245 19.9612
0.124625 -1.75197
0.12475 -21.8677
0.124875 -36.7188
0.125 -43.7097
0.125125 -41.8164
0.12525 -31.7536
0.125375 -15.8062
0.1255 2.66231
0.125625 19.8818
0.12575 32.4393
0.125875 37.9232
0.126 35.3722
0.126125 25.4074
0.12625 10.0519
0.126375 -7.73613
0.1265 -24.6829
0.126625 -37.8722
0.12675 -45.3148
0.126875 -46.2851
0.127 -41.3936
0.127125 -32.3573
0.12725 -21.55
0.127375 -11.415
0.1275 -3.89845
0.127625 -0.00350575
0.12775 0.419795
0.127875 -1.39485
0.128 -3.45737
0.128125 -3.53685
0.12825 0.248091
0.128375 8.90388
0.1285 22.2128
0.128625 38.6633
0.12875 55.6562
0.128875 69.9835
0.129 78.4737
0.129125 78.6539
0.12925 69.3216
0.129375 50.8748
0.1295 25.3395
0.129625 -3.94751
0.12975 -32.8956
0.129875 -57.4104
0.13 -74.1604
0.130125 -81.1825
0.13025 -78.2572
0.130375 -66.9218
0.1305 -50.1491
0.130625 -31.7238
0.13075 -15.4776
0.130875 -4.48605
0.131 -0.447431
0.131125 -3.3223
0.13125 -11.3467
0.131375 -21.4009
0.1315 -29.6804
0.131625 -32.5144
0.13175 -27.1947
0.131875 -12.6195
0.132 10.3605
0.132125 39.0013
0.13225 69.0813
0.132375 95.6495
0.1325 113.948
0.132625 120.296
0.13275 112.832
0.132875 91.9022
0.133 60.062
0.133125 21.6432
0.13325 -17.9716
0.133375 -53.2991
0.1335 -79.7211
0.133625 -94.2439
0.13375 -95.9928
0.133875 -86.2694
0.134 -68.2267
0.134125 -46.1851
0.13425 -24.7752
0.134375 -8.01882
0.1345 1.40777
0.134625 2.64758
0.13475 -3.25239
0.134875 -13.6366
0.135 -24.8581
0.135125 -33.0714
0.13525 -35.062
0.135375 -28.9284
0.1355 -14.4859
0.135625 6.67606
0.13575 31.511
0.135875 56.0943
0.136 76.4076
0.136125 89.0941
0.13625 92.1017
0.136375 85.0451
0.1365 69.2372
0.136625 47.3822
0.13675 23.0237
0.136875 -0.165121
0.137 -19.0918
0.137125 -31.7807
0.13725 -37.6892
0.137375 -37.687
0.1375 -33.7587
0.137625 -28.4731
0.13775 -24.3568
0.137875 -23.2959
0.138 -26.1079
0.138125 -32.3608
0.13825 -40.4891
0.138375 -48.1618
0.1385 -52.8393
0.138625 -52.373
0.13875 -45.5368
0.138875 -32.3532
0.139 -14.1584
0.139125 6.62522
0.13925 26.9668
0.139375 43.8218
0.1395 54.7734
0.139625 58.5207
0.13975 55.1584
0.139875 46.1494
0.14 34.0129
0.140125 21.7715
0.14025 12.2974
0.140375 7.66844
0.1405 8.69117
0.140625 14.6946
0.14075 23.6424
0.140875 32.5445
0.141 38.1002
0.141125 37.4355
0.14125 28.7783
0.141375 11.932
0.1415 -11.5527
0.141625 -38.5671
0.14175 -64.9747
0.141875 -86.344
0.142 -98.8031
0.142125 -99.8083
0.14225 -88.6716
0.142375 -66.7545
0.1425 -37.2768
0.142625 -4.76214
0.14275 25.7885
0.142875 49.7834
0.143 63.9049
0.143125 66.6892
0.14325 58.7858
0.143375 42.7886
0.1435 22.7107
0.143625 3.1655
0.14375 -11.5357
0.143875 -18.2451
0.144 -15.5955
0.144125 -4.2594
0.14425 13.1972
0.144375 32.8293
0.1445 50.1112
0.144625 60.8556
0.14475 62.0497
0.144875 52.4839
0.145 33.01
0.145125 6.41444
0.14525 -23.1114
0.145375 -50.7385
0.1455 -71.9168
0.145625 -83.2318
0.14575 -83.0169
0.145875 -71.6509
0.146 -51.4498
0.146125 -26.2006
0.14625 -0.408708
0.146375 21.5417
0.1465 36.2203
0.146625 41.7377
0.14675 38.0455
0.146875 26.8531
0.147 11.2152
0.147125 -5.14068
0.14725 -18.574
0.147375 -26.2589
0.1475 -26.7138
0.147625 -20.0304
0.14775 -7.78471
0.147875 7.36666
0.148 22.2793
0.148125 34.013
0.14825 40.4312
0.148375 40.6243
0.1485 35.046
0.148625 25.3535
0.14875 13.9844
0.148875 3.58364
0.149 -3.61192
0.149125 -6.28458
0.14925 -4.32624
0.149375 1.14149
0.1495 8.02993
0.149625 13.7695
0.14975 15.9157
0.149875 12.7322
0.15 3.63508
0.150125 -10.6084
0.15025 -27.9722
0.150375 -45.551
0.1505 -60.1217
0.150625 -68.8076
0.15075 -69.6835
0.150875 -62.1881
0.151 -47.2689
0.151125 -27.2195
0.15125 -5.23258
0.151375 15.2461
0.1515 31.1951
0.151625 40.6432
0.15175 43.0461
0.151875 39.3853
0.152 31.9266
0.152125 23.7061
0.15225 17.8311
0.152375 16.761
0.1525 21.6988
0.152625 32.2459
0.15275 46.3856
0.152875 60.8301
0.153 71.6429
0.153125 75.0495
0.15325 68.2549
0.153375 50.1062
0.1535 21.4707
0.153625 -14.7864
0.15375 -54.1728
0.153875 -91.3221
0.154 -120.877
0.154125 -138.444
0.15425 -141.38
0.154375 -129.254
0.1545 -103.933
0.154625 -69.2441
0.15475 -30.2929
0.154875 7.47006
0.155 39.1711
0.155125 61.3694
0.15525 72.562
0.155375 73.3483
0.1555 66.1647
0.155625 54.6788
0.15575 42.9557
0.155875 34.5844
0.156 31.9161
0.156125 35.5817
0.15625 44.3798
0.156375 55.5538
0.1565 65.3894
0.156625 70.0274
0.15675 66.3135
0.156875 52.5121
0.157 28.7544
0.157125 -2.8987
0.15725 -38.7403
0.157375 -74.0711
0.1575 -103.996
0.157625 -124.305
0.15775 -132.208
0.157875 -126.795
0.158 -109.155
0.158125 -82.1301
0.15825 -49.7571
0.158375 -16.5016
0.1585 13.507
0.158625 37.1846
0.15875 52.9045
0.158875 60.6361
0.159 61.7445
0.159125 58.5208
0.15925 53.5651
0.159375 49.1517
0.1595 46.7138
0.159625 46.5554
0.15975 47.8511
0.159875 48.9164
0.16 47.6902
0.160125 42.31
0.16025 31.6488
0.160375 15.6955
0.1605 -4.31666
0.160625 -26.0754
0.16075 -46.5834
0.160875 -62.7591
0.161 -72.0477
0.161125 -72.9743
0.16125 -65.4761
0.161375 -50.9581
0.1615 -32.04
0.161625 -12.0678
0.16175 5.5445
0.161875 17.9938
0.162 23.6265
0.162125 22.2644
0.16225 15.2077
0.162375 4.94002
0.1625 -5.42939
0.162625 -12.8439
0.16275 -14.9843
0.162875 -10.7959
0.163 -0.749303
0.163125 13.2281
0.16325 28.1308
0.163375 40.5075
0.1635 47.2137
0.163625 46.1128
0.16375 36.6021
0.163875 19.83
0.164 -1.44142
0.164125 -23.3307
0.16425 -41.5546
0.164375 -52.2935
0.1645 -52.966
0.164625 -42.8126
0.16475 -23.121
0.164875 2.92383
0.165 30.7912
0.165125 55.3957
0.16525 72.0456
0.165375 77.3306
0.1655 69.7678
0.165625 50.12
0.16575 21.2707
0.165875 -12.2636
0.166 -45.1684
0.166125 -72.2621
0.16625 -89.4339
0.166375 -94.3618
0.1665 -86.8729
0.166625 -68.9106
0.16675 -44.1031
0.166875 -17.0252
0.167 7.71253
0.167125 26.319
0.16725 36.5315
0.167375 37.9636
0.1675 32.0957
0.167625 21.873
0.16775 11.0277
0.167875 3.24332
0.168 1.3593
0.168125 6.74733
0.16825 19.009
0.168375 36.0335
0.1685 54.4126
0.168625 70.1309
0.16875 79.3617
0.168875 79.2541
0.169 68.5096
0.169125 47.6725
0.16925 19.0436
0.169375 -13.7117
0.1695 -46.2486
0.169625 -74.2954
0.16975 -94.4069
0.169875 -104.529
0.17 -104.258
0.170125 -94.8012
0.17025 -78.6129
0.170375 -58.8282
0.1705 -38.5845
0.170625 -20.4225
0.17075 -5.8294
0.170875 4.92256
0.171 12.6731
0.171125 19.0101
0.17125 25.7379
0.171375 34.315
0.1715 45.3868
0.171625 58.5097
0.17175 72.1611
0.171875 84.0001
0.172 91.3616
0.172125 91.8566
0.17225 83.948
0.172375 67.3808
0.1725 43.3669
0.172625 14.4693
0.17275 -15.8132
0.172875 -43.6317
0.173 -65.5111
0.173125 -78.9706
0.17325 -82.9933
0.173375 -78.1944
0.1735 -66.6668
0.173625 -51.5275
0.17375 -36.2683
0.173875 -24.0203
0.174 -16.8962
0.174125 -15.5606
0.17425 -19.094
0.174375 -25.2074
0.1745 -30.7541
0.174625 -32.4463
0.17475 -27.6176
0.174875 -14.8887
0.175 5.42884
0.175125 31.2503
0.17525 59.0333
0.175375 84.3732
0.1755 102.833
0.175625 110.812
0.17575 106.266
0.175875 89.1777
0.176 61.6368
0.176125 27.5301
0.17625 -8.13757
0.176375 -40.1003
0.1765 -63.8034
0.176625 -76.1929
0.17675 -76.2683
0.176875 -65.2259
0.177 -46.1967
0.177125 -23.6087
0.17725 -2.33142
0.177375 13.2737
0.1775 20.1902
0.177625 17.2957
0.17775 5.55724
0.177875 -12.2032
0.178 -31.8845
0.178125 -48.9505
0.17825 -59.3235
0.178375 -60.2024
0.1785 -50.6111
0.178625 -31.5893
0.17875 -5.9784
0.178875 22.1199
0.179 48.1394
0.179125 67.9273
0.17925 78.4983
0.179375 78.5817
0.1795 68.7984
0.179625 51.4862
0.17975 30.1779
0.179875 8.88872
0.18 -8.69732
0.180125 -19.9134
0.18025 -23.593
0.180375 -20.2222
0.1805 -11.75
0.180625 -1.11307
0.18075 8.43689
0.180875 14.0344
0.181 13.8146
0.181125 7.28724
0.18125 -4.57875
0.181375 -19.5933
0.1815 -34.8206
0.181625 -47.2244
0.18175 -54.3005
0.181875 -54.6029
0.182 -48.0274
0.182125 -35.8087
0.18225 -20.2259
0.182375 -4.10513
0.1825 9.79804
0.182625 19.389
0.18275 23.6547
0.182875 22.8563
0.183 18.4228
0.183125 12.5905
0.18325 7.85277
0.183375 6.35738
0.1835 9.36898
0.183625 16.931
0.18375 27.7944
0.183875 39.6502
0.184 49.599
0.184125 54.7868
0.18425 53.0573
0.184375 43.4798
0.1845 26.6385
0.184625 4.61975
0.18475 -19.3253
0.184875 -41.3848
0.185 -57.9026
0.185125 -66.1275
0.18525 -64.7705
0.185375 -54.3106
0.1855 -36.9337
0.185625 -16.1459
0.18575 3.91104
0.185875 19.2576
0.186 26.8824
0.186125 25.361
0.18625 15.1624
0.186375 -1.40561
0.1865 -20.6382
0.186625 -38.1388
0.18675 -49.7062
0.186875 -52.1694
0.187 -44.0588
0.187125 -25.9369
0.18725 -0.349613
0.187375 28.6336
0.1875 56.1511
0.187625 77.4693
0.18775 88.8857
0.187875 88.4187
0.188 76.1946
0.188125 54.4188
0.18825 26.9572
0.188375 -1.4183
0.1885 -25.9173
0.188625 -42.6597
0.18875 -49.3773
0.188875 -45.8274
0.189 -33.7905
0.189125 -16.6806
0.18925 1.16021
0.189375 15.3513
0.1895 22.3401
0.189625 20.121
0.18975 8.62518
0.189875 -10.2594
0.19 -33.0698
0.190125 -55.4275
0.19025 -72.9048
0.190375 -81.8546
0.1905 -80.1097
0.190625 -67.3717
0.19075 -45.2444
0.190875 -16.8919
0.191 13.5636
0.191125 41.8268
0.19125 64.2187
0.191375 78.2833
0.1915 83.1665
0.191625 79.6313
0.19175 69.7735
0.191875 56.4725
0.192 42.7319
0.192125 31.0175
0.19225 22.7729
0.192375 18.1721
0.1925 16.177
0.192625 14.877
0.19275 12.02
0.192875 5.62193
0.193 -5.4814
0.193125 -21.2755
0.19325 -40.459
0.193375 -60.6363
0.1935 -78.7688
0.193625 -91.7604
0.19375 -97.1072
0.193875 -93.4156
0.194 -80.7252
0.194125 -60.5273
0.19425 -35.5112
0.194375 -9.03956
0.1945 15.4743
0.194625 35.2198
0.19475 48.5052
0.194875 55.0124
0.195 55.7807
0.195125 52.882
0.19525 48.884
0.195375 46.2023
0.1955 46.4947
0.195625 50.222
0.19575 56.485
0.195875 63.172
0.196 67.407
0.196125 66.1925
0.19625 57.1361
0.196375 39.0841
0.1965 12.5496
0.196625 -20.2082
0.19675 -55.4246
0.196875 -88.4197
0.197 -114.41
0.197125 -129.352
0.19725 -130.725
0.197375 -118.029
0.1975 -92.9499
0.197625 -59.0878
0.19775 -21.3788
0.197875 14.7906
0.198 44.4958
0.198125 64.1406
0.19825 72.0588
0.198375 68.7292
0.1985 56.61
0.198625 39.5762
0.19875 22.1176
0.198875 8.41061
0.199 1.49709
0.199125 2.68322
0.19925 11.3102
0.199375 24.921
0.1995 39.8027
0.199625 51.7687
0.19975 57.0558
0.199875 53.1323
0.2 39.2618
0.200125 16.7072
0.20025 -11.451
0.200375 -40.8701
0.2005 -66.7647
0.200625 -84.7862
0.20075 -91.8661
0.200875 -86.7802
0.201 -70.3906
0.201125 -45.469
0.20125 -16.1864
0.201375 12.6656
0.2015 36.5641
0.201625 52.0381
0.20175 57.2733
0.201875 52.3525
0.202 39.1528
0.202125 20.8874
0.20225 1.43433
0.202375 -15.4561
0.2025 -26.8582
0.202625 -31.1904
0.20275 -28.4268
0.202875 -19.9805
0.203 -8.29733
0.203125 3.73731
0.20325 13.4596
0.203375 19.008
0.2035 19.6896
0.203625 16.0815
0.20375 9.83425
0.203875 3.23622
0.204 -1.36715
0.204125 -2.15594
0.20425 1.69414
0.204375 9.77519
0.2045 20.4846
0.204625 31.3486
0.20475 39.5395
0.204875 42.5036
0.205 38.5456
0.205125 27.248
0.20525 9.62771
0.205375 -11.9943
0.2055 -34.4085
0.205625 -54.1329
0.20575 -68.0707
0.205875 -74.132
0.206 -71.6262
0.206125 -61.3931
0.20625 -45.6038
0.206375 -27.3051
0.2065 -9.76239
0.206625 4.21407
0.20675 12.8628
0.206875 15.8304
0.207 14.216
0.207125 10.3042
0.20725 7.01911
0.207375 7.22582
0.2075 13.0161
0.207625 25.1379
0.20775 42.6912
0.207875 63.1806
0.208 82.8934
0.208125 97.5929
0.20825 103.333
0.208375 97.2949
0.2085 78.4268
0.208625 47.7949
0.20875 8.51584
0.208875 -34.661
0.209 -76.1195
0.209125 -110.332
0.20925 -132.77
0.209375 -140.704
0.2095 -133.639
0.209625 -113.371
0.20975 -83.6127
0.209875 -49.2991
0.21 -15.6688
0.210125 12.6917
0.21025 32.614
0.210375 42.8653
0.2105 44.2328
0.210625 39.2371
0.21075 31.4923
0.210875 24.8759
0.211 22.6556
0.211125 26.7716
0.21125 37.3956
0.211375 52.8771
0.2115 70.057
0.211625 84.9225
0.21175 93.4225
0.211875 92.3267
0.212 79.9227
0.212125 56.4306
0.21225 24.0315
0.212375 -13.454
0.2125 -51.2213
0.212625 -84.3328
0.21275 -108.543
0.212875 -121.041
0.213 -120.869
0.213125 -109.019
0.21325 -88.1515
0.213375 -62.0349
0.2135 -34.8009
0.213625 -10.1668
0.21375 9.17899
0.213875 21.9878
0.214 28.5066
0.214125 30.2479
0.21425 29.498
0.214375 28.6932
0.2145 29.8027
0.214625 33.8519
0.21475 40.6831
0.214875 49.0092
0.215 56.7286
0.215125 61.4472
0.21525 61.0658
0.215375 54.3231
0.2155 41.1522
0.215625 22.7883
0.21575 1.57314
0.215875 -19.4669
0.216 -37.2214
0.216125 -49.1306
0.21625 -53.6995
0.216375 -50.8195
0.2165 -41.7894
0.216625 -29.0501
0.21675 -15.6658
0.216875 -4.68451
0.217 1.51643
0.217125 1.74405
0.21725 -3.75021
0.217375 -13.3145
0.2175 -24.2418
0.217625 -33.3552
0.21775 -37.7114
0.217875 -35.263
0.218 -25.3568
0.218125 -8.94624
0.21825 11.5291
0.218375 32.5962
0.2185 50.4081
0.218625 61.5403
0.21875 63.695
0.218875 56.2257
0.219 40.3232
0.219125 18.848
0.21925 -4.18392
0.219375 -24.3746
0.2195 -37.7865
0.219625 -41.7492
0.21975 -35.4067
0.219875 -19.9405
0.22 1.62449
0.220125 24.9549
0.22025 45.2424
0.220375 58.1093
0.2205 60.4756
0.220625 51.1733
0.22075 31.2059
0.220875 3.58465
0.221 -27.1977
0.221125 -55.9965
0.22125 -77.9761
0.221375 -89.4799
0.2215 -88.7137
0.221625 -76.0428
0.22175 -53.9006
0.221875 -26.2846
0.222 2.00661
0.222125 26.2962
0.22225 42.9101
0.222375 49.8187
0.2225 46.9756
0.222625 36.24
0.22275 20.9407
0.222875 5.14706
0.223 -7.16978
0.223125 -12.9594
0.22325 -10.6906
0.223375 -0.650405
0.2235 15.144
0.223625 33.3652
0.22375 50.0744
0.223875 61.5085
0.224 64.8442
0.224125 58.7537
0.22425 43.6579
0.224375 21.625
0.2245 -4.03806
0.224625 -29.4389
0.22475 -50.8578
0.224875 -65.4194
0.225 -71.6034
0.225125 -69.4542
0.22525 -60.4675
0.225375 -47.1923
0.2255 -32.643
0.225625 -19.6387
0.22575 -10.2144
0.225875 -5.24427
0.226 -4.32009
0.226125 -5.93438
0.22625 -7.90044
0.226375 -7.92493
0.2265 -4.19617
0.226625 4.14054
0.22675 16.7238
0.226875 31.9962
0.227 47.5085
0.227125 60.4162
0.22725 68.1058
0.227375 68.7668
0.2275 61.8242
0.227625 48.1044
0.22775 29.7146
0.227875 9.64213
0.228 -8.85153
0.228125 -22.8825
0.22825 -30.5589
0.228375 -31.3684
0.2285 -26.2984
0.228625 -17.6243
0.22875 -8.42665
0.228875 -1.9115
0.229 -0.698149
0.229125 -6.19809
0.22925 -18.2419
0.229375 -35.0192
0.2295 -53.3816
0.229625 -69.4174
0.22975 -79.2313
0.229875 -79.7504
0.23 -69.3913
0.230125 -48.4617
0.23025 -19.2076
0.230375 14.5213
0.2305 47.9436
0.230625 76.1728
0.23075 95.1342
0.230875 102.29
0.231 97.1177
0.231125 81.1875
0.23125 57.8496
0.231375 31.5828
0.2315 7.11456
0.231625 -11.4677
0.23175 -21.5135
0.231875 -22.2804
0.232 -15.051
0.232125 -2.8273
0.23225 10.3046
0.232375 20.0438
0.2325 22.7695
0.232625 16.3225
0.23275 0.485135
0.232875 -22.9092
0.233 -50.2935
0.233125 -76.9996
0.23325 -98.1394
0.233375 -109.534
0.2335 -108.497
0.233625 -94.3561
0.23375 -68.5962
0.233875 -34.5982
0.234 2.98484
0.234125 39.0356
0.23425 68.8814
0.234375 89.0912
0.2345 97.9841
0.234625 95.8293
0.23475 84.6453
0.234875 67.6956
0.235 48.7573
0.235125 31.3578
0.23525 18.0814
0.235375 10.1395
0.2355 7.23156
0.235625 7.74635
0.23575 9.23759
0.235875 9.06319
0.236 5.04859
0.236125 -3.96573
0.23625 -17.819
0.236375 -35.0096
0.2365 -52.9938
0.236625 -68.6935
0.23675 -79.1464
0.236875 -82.1358
0.237 -76.6612
0.237125 -63.1745
0.23725 -43.502
0.237375 -20.5054
0.2375 2.49349
0.237625 22.3413
0.23775 36.6632
0.237875 44.2926
0.238 45.4277
0.238125 41.5117
0.23825 34.8411
0.238375 28.0038
0.2385 23.2598
0.238625 22.0157
0.23875 24.4918
0.238875 29.6715
0.239 35.537
0.239125 39.5518
0.23925 39.2758
0.239375 32.9903
0.2395 20.1861
0.239625 1.80785
0.23975 -19.8255
0.239875 -41.3853
0.24 -59.1586
0.240125 -69.7926
0.24025 -70.9901
0.240375 -62.0463
0.2405 -44.0784
0.240625 -19.9088
0.24075 6.41249
0.240875 30.313
0.241 47.5696
0.241125 55.0972
0.24125 51.5683
0.241375 37.6894
0.2415 16.1006
0.241625 -9.11375
0.24175 -33.1712
0.241875 -51.5014
0.242 -60.6182
0.242125 -58.7694
0.24225 -46.2728
0.242375 -25.4435
0.2425 -0.140535
0.242625 25.0009
0.24275 45.4543
0.242875 57.6882
0.243 59.8431
0.243125 52.066
0.24325 36.4553
0.243375 16.6202
0.2435 -3.06228
0.243625 -18.3483
0.24375 -25.9768
0.243875 -24.3477
0.244 -13.8476
0.244125 3.20671
0.24425 23.0273
0.244375 41.0858
0.2445 53.0245
0.244625 55.5103
0.24475 46.9189
0.244875 27.674
0.245 0.211676
0.245125 -31.4637
0.24525 -62.4809
0.245375 -87.9887
0.2455 -104.026
0.245625 -108.184
0.24575 -100
0.245875 -80.9568
0.246 -54.1404
0.246125 -23.5972
0.24625 6.42262
0.246375 32.24
0.2465 51.3616
0.246625 62.7932
0.24675 67.065
0.246875 65.917
0.247 61.7713
0.247125 57.0846
0.24725 53.7449
0.247375 52.6266
0.2475 53.4121
0.247625 54.7011
0.24775 54.3881
0.247875 50.2147
0.248 40.3736
0.248125 24.0321
0.24825 1.65518
0.248375 -24.9622
0.2485 -52.9216
0.248625 -78.7361
0.24875 -98.9425
0.248875 -110.763
0.249 -112.631
0.249125 -104.483
0.24925 -87.7607
0.249375 -65.1116
0.2495 -39.8738
0.249625 -15.4065
0.24975 5.52894
0.249875 21.2705
0.25 31.5011
0.250125 37.1849
0.25025 40.2253
0.250375 42.9219
0.2505 47.329
0.250625 54.6692
0.25075 64.9437
0.250875 76.8164
0.251 87.8045
0.251125 94.7822
0.25125 94.6458
0.251375 85.0402
0.2515 64.9964
0.251625 35.3033
0.25175 -1.44496
0.251875 -41.1225
0.252 -78.7525
0.252125 -109.311
0.25225 -128.586
0.252375 -133.986
0.2525 -124.996
0.252625 -103.298
0.25275 -72.511
0.252875 -37.5269
0.253 -3.64813
0.253125 24.3242
0.25325 42.9739
0.253375 50.8022
0.2535 48.424
0.253625 38.3616
0.25375 24.4516
0.253875 11.0364
0.254 2.03478
0.254125 0.146359
0.25425 6.29971
0.254375 19.4601
0.2545 36.856
0.254625 54.5528
0.25475 68.2518
0.254875 74.2093
0.255 70.0084
0.255125 55.1023
0.25525 30.9765
0.255375 0.916552
0.2555 -30.5844
0.255625 -58.6215
0.25575 -78.829
0.255875 -88.1564
0.256 -85.4221
0.256125 -71.5234
0.25625 -49.2214
0.256375 -22.6241
0.2565 3.62883
0.256625 25.2147
0.25675 38.8913
0.256875 43.0744
0.257 38.0263
0.257125 25.7073
0.25725 9.3162
0.257375 -7.41963
0.2575 -20.999
0.257625 -28.8181
0.25775 -29.6552
0.257875 -23.8163
0.258 -12.9858
0.258125 0.222392
0.25825 12.8746
0.258375 22.3751
0.2585 27.0122
0.258625 26.3108
0.25875 21.0743
0.258875 13.1602
0.259 5.00505
0.259125 -0.963199
0.25925 -2.90574
0.259375 -0.0302221
0.2595 7.20627
0.259625 17.1594
0.25975 27.3508
0.259875 35.0016
0.26 37.6552
0.260125 33.7429
0.26025 22.9795
0.260375 6.47803
0.2605 -13.4041
0.260625 -33.5284
0.26075 -50.5798
0.260875 -61.7204
0.261 -65.1895
0.261125 -60.6489
0.26125 -49.253
0.261375 -33.4208
0.2615 -16.3129
0.261625 -1.17141
0.26175 9.35645
0.261875 13.8064
0.262 12.199
0.262125 6.04787
0.26225 -1.96834
0.262375 -8.59458
0.2625 -10.7266
0.262625 -6.14871
0.26275 5.90765
0.262875 24.4857
0.263 46.9567
0.263125 69.4721
0.26325 87.6522
0.263375 97.42
0.2635 95.8525
0.263625 81.7945
0.26375 56.1976
0.263875 22.0273
0.264 -16.1855
0.264125 -53.1197
0.26425 -83.5572
0.264375 -103.355
0.2645 -110.135
0.264625 -103.698
0.26475 -86.022
0.264875 -60.8442
0.265 -32.9558
0.265125 -7.24893
0.26525 12.1832
0.265375 22.7822
0.2655 23.9844
0.265625 17.2349
0.26575 5.62614
0.265875 -6.77537
0.266 -15.8168
0.266125 -18.1262
0.26625 -11.8277
0.266375 3.04755
0.2665 24.5485
0.266625 49.1454
0.26675 72.4379
0.266875 89.9897
0.267 98.1947
0.267125 94.9713
0.26725 80.1782
0.267375 55.6271
0.2675 24.7699
0.267625 -7.98153
0.26775 -38.0536
0.267875 -61.5113
0.268 -75.774
0.268125 -79.9796
0.26825 -75.0382
0.268375 -63.3421
0.2685 -48.189
0.268625 -33.0614
0.26875 -20.9227
0.268875 -13.6224
0.269 -11.5995
0.269125 -13.881
0.26925 -18.3859
0.269375 -22.4647
0.2695 -23.5396
0.269625 -19.7255
0.26975 -10.2753
0.269875 4.22844
0.27 21.9612
0.270125 40.2503
0.27025 56.1247
0.270375 66.9292
0.2705 70.9028
0.270625 67.5263
0.27075 57.6297
0.270875 43.1973
0.271 26.9299
0.271125 11.6745
0.27125 -0.210545
0.271375 -7.3396
0.2715 -9.58455
0.271625 -8.07223
0.27175 -4.90075
0.271875 -2.62452
0.272 -3.63029
0.272125 -9.52679
0.27225 -20.7006
0.272375 -36.1121
0.2725 -53.431
0.272625 -69.4413
0.27275 -80.6767
0.272875 -84.1338
0.273 -77.9536
0.273125 -61.8682
0.27325 -37.3835
0.273375 -7.56919
0.2735 23.4422
0.273625 51.1632
0.27375 71.619
0.273875 82.0647
0.274 81.5052
0.274125 70.8975
0.27425 52.9489
0.274375 31.5822
0.2745 11.1829
0.274625 -4.2986
0.27475 -12.1116
0.274875 -11.25
0.275 -2.66086
0.275125 10.9656
0.27525 25.7309
0.275375 37.3525
0.2755 42.0449
0.275625 37.328
0.27575 22.5942
0.275875 -0.702658
0.276 -29.2631
0.276125 -58.4945
0.27625 -83.3956
0.276375 -99.4726
0.2765 -103.59
0.276625 -94.602
0.27675 -73.5739
0.276875 -43.6035
0.277 -9.29562
0.277125 24.113
0.27725 51.6757
0.277375 69.5947
0.2775 75.9059
0.277625 70.7397
0.27775 56.2265
0.277875 36.0077
0.278 14.4804
0.278125 -4.05298
0.27825 -16.2343
0.278375 -20.2349
0.2785 -16.0408
0.278625 -5.37035
0.27875 8.76254
0.278875 22.7248
0.279 33.0295
0.279125 37.0782
0.27925 33.6632
0.279375 23.1925
0.2795 7.56182
0.279625 -10.2723
0.27975 -26.9336
0.279875 -39.3218
0.28 -45.2724
0.280125 -43.9671
0.28025 -36.0792
0.280375 -23.5946
0.2805 -9.35976
0.280625 3.5239
0.28075 12.3813
0.280875 15.5088
0.281 12.5179
0.281125 4.396
0.28125 -6.73651
0.281375 -18.1046
0.2815 -26.8799
0.281625 -30.812
0.28175 -28.7006
0.281875 -20.6531
0.282 -8.04846
0.282125 6.7765
0.28225 21.0302
0.282375 32.1012
0.2825 38.1169
0.282625 38.3542
0.28275 33.3923
0.282875 24.9723
0.283 15.5891
0.283125 7.91834
0.28325 4.16516
0.283375 5.52639
0.2835 11.8477
0.283625 21.5806
0.28375 32.0535
0.283875 39.9963
0.284 42.2547
0.284125 36.4973
0.28425 21.8008
0.284375 -1.00746
0.2845 -29.383
0.284625 -59.4229
0.28475 -86.494
0.284875 -106.103
0.285 -114.704
0.285125 -110.389
0.28525 -93.2936
0.285375 -65.6071
0.2855 -31.2064
0.285625 4.99213
0.28575 37.957
0.285875 63.4103
0.286 78.5603
0.286125 82.5918
0.28625 76.7077
0.286375 63.8217
0.2865 47.8974
0.286625 33.1002
0.28675 22.9349
0.286875 19.4952
0.287 23.0463
0.287125 31.9732
0.28725 43.1138
0.287375 52.4426
0.2875 55.9259
0.287625 50.4052
0.28775 34.331
0.287875 8.1735
0.288 -25.5166
0.288125 -62.5178
0.28825 -97.6213
0.288375 -125.551
0.2885 -141.874
0.288625 -143.835
0.28875 -130.808
0.288875 -104.424
0.289 -68.253
0.289125 -27.1605
0.28925 13.5079
0.289375 48.8903
0.2895 75.3556
0.289625 91.0057
0.28975 95.8778
0.289875 91.7122
0.29 81.4416
0.290125 68.493
0.29025 56.0201
0.290375 46.2709
0.2905 40.1929
0.290625 37.3303
0.29075 36.0636
0.290875 34.0945
0.291 29.0773
0.291125 19.2544
0.29125 3.94996
0.291375 -16.1606
0.2915 -39.1191
0.291625 -62.013
0.29175 -81.5116
0.291875 -94.5561
0.292 -98.9559
0.292125 -93.8428
0.29225 -79.8664
0.292375 -59.0679
0.2925 -34.5139
0.292625 -9.67888
0.29275 12.1942
0.292875 28.6956
0.293 38.6421
0.293125 42.2385
0.29325 40.9041
0.293375 36.8692
0.2935 32.5983
0.293625 30.1818
0.29375 30.8288
0.293875 34.5672
0.294 40.2308
0.294125 45.7314
0.29425 48.5554
0.294375 46.3979
0.2945 37.7635
0.294625 22.4371
0.29475 1.66954
0.294875 -21.9388
0.295 -44.8374
0.295125 -63.2111
0.29525 -73.7111
0.295375 -74.1532
0.2955 -64.0366
0.295625 -44.7248
0.29575 -19.2746
0.295875 8.04443
0.296 32.5458
0.296125 49.9704
0.29625 57.2817
0.296375 53.2778
0.2965 38.8156
0.296625 16.6879
0.29675 -8.9112
0.296875 -33.1615
0.297 -51.5323
0.297125 -60.6235
0.29725 -58.8302
0.297375 -46.6112
0.2975 -26.399
0.297625 -2.09177
0.29775 21.7171
0.297875 40.6236
0.298 51.3078
0.298125 52.1514
0.29825 43.545
0.298375 27.788
0.2985 8.60334
0.298625 -9.62987
0.29875 -22.7559
0.298875 -27.7195
0.299 -23.1778
0.299125 -9.80379
0.29925 9.8285
0.299375 31.7344
0.2995 51.2665
0.299625 64.0497
0.29975 66.8164
0.299875 58.0549
0.3 38.331
0.300125 10.1924
0.30025 -22.2901
0.300375 -54.2303
0.3005 -80.8498
0.300625 -98.2926
0.30075 -104.268
0.300875 -98.413
0.301 -82.2416
0.301125 -58.7878
0.30125 -31.9421
0.301375 -5.69707
0.3015 16.598
0.301625 32.7815
0.30175 42.196
0.301875 45.6255
0.302 44.9594
0.302125 42.64
0.30225 41.0143
0.302375 41.7482
0.3025 45.416
0.302625 51.3647
0.30275 57.8691
0.302875 62.5375
0.303 62.8969
0.303125 56.9945
0.30325 43.9183
0.303375 24.087
0.3035 -0.735414
0.303625 -27.6863
0.30375 -53.3476
0.303875 -74.363
0.304 -88.0584
0.304125 -92.972
0.30425 -89.0902
0.304375 -77.8148
0.3045 -61.6526
0.304625 -43.6579
0.30475 -26.7938
0.304875 -13.3359
0.305 -4.40164
0.305125 0.21824
0.30525 1.9446
0.305375 3.02164
0.3055 5.92399
0.305625 12.7061
0.30575 24.4178
0.305875 40.7446
0.306 59.9342
0.306125 79.0306
0.30625 94.4364
0.306375 102.612
0.3065 100.827
0.306625 87.8065
0.30675 64.095
0.306875 32.1188
0.307 -4.17687
0.307125 -39.9487
0.30725 -70.302
0.307375 -91.136
0.3075 -99.9284
0.307625 -96.162
0.30775 -81.4255
0.307875 -59.0997
0.308 -33.7033
0.308125 -10.0545
0.30825 7.68147
0.308375 16.7532
0.3085 16.3325
0.308625 7.64116
0.30875 -6.33072
0.308875 -21.4604
0.309 -33.3322
0.309125 -38.1723
0.30925 -33.619
0.309375 -19.2416
0.3095 3.33912
0.309625 30.7345
0.30975 58.3916
0.309875 81.4938
0.31 95.8544
0.310125 98.7233
0.31025 89.3136
0.310375 68.9563
0.3105 40.836
0.310625 9.4189
0.31075 -20.421
0.310875 -44.2807
0.311 -59.0037
0.311125 -63.2489
0.31125 -57.6396
0.311375 -44.559
0.3115 -27.6225
0.311625 -10.8961
0.31175 1.91972
0.311875 8.20609
0.312 6.92727
0.312125 -1.23524
0.31225 -14.0718
0.312375 -28.3623
0.3125 -40.5681
0.312625 -47.5778
0.31275 -47.3401
0.312875 -39.2789
0.313 -24.3739
0.313125 -4.95076
0.31325 15.8354
0.313375 34.6445
0.3135 48.6077
0.313625 55.9066
0.31375 56.0706
0.313875 50.008
0.314 39.74
0.314125 27.9056
0.31425 17.1522
0.314375 9.55576
0.3145 6.16062
0.314625 6.79031
0.31475 10.1246
0.314875 14.0458
0.315 16.1702
0.315125 14.4431
0.31525 7.67466
0.315375 -4.1186
0.3155 -19.6389
0.315625 -36.5032
0.31575 -51.7289
0.315875 -62.3393
0.316 -66.0014
0.316125 -61.5722
0.31625 -49.3828
0.316375 -31.2538
0.3165 -10.1653
0.316625 10.3015
0.31675 26.6532
0.316875 36.2177
0.317 37.6789
0.317125 31.3659
0.31725 19.215
0.317375 4.38277
0.3175 -9.39168
0.317625 -18.5478
0.31775 -20.4776
0.317875 -14.085
0.318 -0.0761868
0.318125 19.1336
0.31825 39.8537
0.318375 57.8311
0.3185 69.0793
0.318625 70.7168
0.31875 61.5614
0.318875 42.4384
0.319 16.0716
0.319125 -13.3898
0.31925 -41.1045
0.319375 -62.4881
0.3195 -74.0588
0.319625 -74.1052
0.31975 -63.0364
0.319875 -43.2964
0.32 -18.897
0.320125 5.32716
0.32025 24.6817
0.320375 35.4938
0.3205 35.814
0.320625 25.8026
0.32075 7.67378
0.320875 -14.7165
0.321 -36.6454
0.321125 -53.4221
0.32125 -61.2937
0.321375 -58.1578
0.3215 -43.9681
0.321625 -20.7169
0.32175 7.92732
0.321875 37.3547
0.322 62.8658
0.322125 80.5191
0.32225 87.8648
0.322375 84.3129
0.3225 71.1722
0.322625 51.3071
0.32275 28.5137
0.322875 6.73588
0.323 -10.6896
0.323125 -21.6796
0.32325 -25.7192
0.323375 -23.8632
0.3235 -18.4124
0.323625 -12.3281
0.32375 -8.53876
0.323875 -9.25602
0.324 -15.4754
0.324125 -26.7435
0.32425 -41.2284
0.324375 -56.1139
0.3245 -68.1825
0.324625 -74.483
0.32475 -72.9694
0.324875 -62.9203
0.325 -45.1153
0.325125 -21.6788
0.32525 4.3321
0.325375 29.497
0.3255 50.7193
0.325625 65.7671
0.32575 73.649
0.325875 74.7037
0.326 70.4221
0.326125 63.0071
0.32625 54.8166
0.326375 47.7719
0.3265 42.904
0.326625 40.1185
0.32675 38.2307
0.326875 35.2852
0.327 29.0728
0.327125 17.7496
0.32725 0.39658
0.327375 -22.5904
0.3275 -49.3594
0.327625 -76.8306
0.32775 -101.164
0.327875 -118.426
0.328 -125.379
0.328125 -120.119
0.32825 -102.539
0.328375 -74.4387
0.3285 -39.2904
0.328625 -1.67296
0.32875 33.4743
0.328875 61.7615
0.329 80.0774
0.329125 87.1055
0.32925 83.5284
0.329375 71.8001
0.3295 55.6202
0.329625 39.1361
0.32975 26.0956
0.329875 19.0785
0.33 18.9837
0.330125 24.8537
0.33025 34.1075
0.330375 43.0963
0.3305 47.9174
0.330625 45.275
0.33075 33.2523
0.330875 11.8121
0.331 -17.0775
0.331125 -49.683
0.33125 -81.1756
0.331375 -106.473
0.3315 -121.188
0.331625 -122.456
0.33175 -109.518
0.331875 -83.8798
0.332 -49.1132
0.332125 -10.2058
0.33225 27.2932
0.332375 58.2054
0.3325 78.6559
0.332625 86.6616
0.33275 82.4014
0.332875 68.0821
0.333 47.421
0.333125 24.8731
0.33325 4.77862
0.333375 -9.47838
0.3335 -16.034
0.333625 -14.8028
0.33375 -7.3779
0.333875 3.42222
0.334 14.2115
0.334125 21.8116
0.33425 23.9274
0.334375 19.6223
0.3345 9.4951
0.334625 -4.48756
0.33475 -19.4429
0.334875 -32.1983
0.335 -40.0052
0.335125 -41.1198
0.33525 -35.1837
0.335375 -23.3052
0.3355 -7.82609
0.335625 8.16862
0.33575 21.4776
0.335875 29.4661
0.336 30.5877
0.336125 24.6954
0.33625 13.0556
0.336375 -1.9389
0.3365 -17.2634
0.336625 -29.9148
0.33675 -37.5152
0.336875 -38.7818
0.337 -33.7665
0.337125 -23.7883
0.33725 -11.1
0.337375 1.6273
0.3375 11.9329
0.337625 18.1096
0.33775 19.5787
0.337875 17.0141
0.338 12.1594
0.338125 7.40538
0.33825 5.19054
0.338375 7.38086
0.3385 14.7526
0.338625 26.692
0.33875 41.2141
0.338875 55.282
0.339 65.3721
0.339125 68.2201
0.33925 61.5264
0.339375 44.5392
0.3395 18.3383
0.339625 -14.2265
0.33975 -48.9128
0.339875 -80.8282
0.34 -105.252
0.340125 -118.489
0.34025 -118.542
0.340375 -105.497
0.3405 -81.4994
0.340625 -50.3892
0.34075 -16.9625
0.340875 13.8939
0.341 38.0655
0.341125 52.9777
0.34125 57.9815
0.341375 54.3906
0.3415 45.1285
0.341625 34.0491
0.34175 25.082
0.341875 21.3806
0.342 24.6138
0.342125 34.5933
0.34225 49.2621
0.342375 65.102
0.3425 77.8345
0.342625 83.2939
0.34275 78.3298
0.342875 61.5009
0.343 33.46
0.343125 -3.02469
0.34325 -43.5211
0.343375 -82.6531
0.3435 -114.991
0.343625 -136.045
0.34375 -142.995
0.343875 -135.16
0.344 -114.08
0.344125 -83.1805
0.34425 -47.1109
0.344375 -10.9324
0.3445 20.8179
0.344625 44.8398
0.34475 59.5277
0.344875 65.1216
0.345 63.4378
0.345125 57.3414
0.34525 50.031
0.345375 44.3055
0.3455 41.9677
0.345625 43.4648
0.34575 47.8601
0.345875 53.1111
0.346 56.5876
0.346125 55.7308
0.34625 48.6797
0.346375 34.7613
0.3465 14.7059
0.346625 -9.43221
0.34675 -34.6167
0.346875 -57.4371
0.347 -74.7464
0.347125 -84.2755
0.34725 -85.0561
0.347375 -77.5968
0.3475 -63.732
0.347625 -46.2353
0.34775 -28.2163
0.347875 -12.4911
0.348 -1.03755
0.348125 5.38668
0.34825 7.31275
0.348375 6.36133
0.3485 4.79957
0.348625 4.95164
0.34875 8.60163
0.348875 16.5117
0.349 28.1797
0.349125 41.8834
0.34925 54.9968
0.349375 64.5626
0.3495 67.9379
0.349625 63.4198
0.34975 50.7043
0.349875 31.0581
0.35 7.16668
0.350125 -17.2953
0.35025 -38.3763
0.350375 -52.5942
0.3505 -57.6331
0.350625 -52.8556
0.35075 -39.4578
0.350875 -20.3006
0.351 0.631884
0.351125 18.9809
0.35125 30.8686
0.351375 33.6631
0.3515 26.539
0.351625 10.6576
0.35175 -11.0035
0.351875 -34.224
0.352 -54.3362
0.352125 -67.1145
0.35225 -69.6339
0.352375 -60.8342
0.3525 -41.7667
0.352625 -15.4072
0.35275 13.8882
0.352875 41.2077
0.353 61.987
0.353125 72.9089
0.35325 72.4953
0.353375 61.3804
0.3535 42.1646
0.353625 18.8811
0.35375 -3.77882
0.353875 -21.419
0.354 -30.7702
0.354125 -30.3199
0.35425 -20.5905
0.354375 -4.01231
0.3545 15.5829
0.354625 33.7135
0.35475 46.1684
0.354875 49.8208
0.355 43.2451
0.355125 26.9993
0.35525 3.5012
0.355375 -23.4163
0.3555 -49.2743
0.355625 -69.7761
0.35575 -81.6102
0.355875 -83.0322
0.356 -74.1556
0.356125 -56.8441
0.35625 -34.3108
0.356375 -10.4277
0.3565 11.0305
0.356625 27.0823
0.35675 36.0894
0.356875 37.9595
0.357 34.049
0.357125 26.7723
0.35725 18.9961
0.357375 13.375
0.3575 11.7608
0.357625 14.7992
0.35775 21.8199
0.357875 31.0071
0.358 39.8431
0.358125 45.69
0.35825 46.3991
0.358375 40.8228
0.3585 29.0933
0.358625 12.6239
0.35875 -6.15001
0.358875 -24.2938
0.359 -38.9737
0.359125 -48.0401
0.35925 -50.4965
0.359375 -46.6829
0.3595 -38.1967
0.359625 -27.5239
0.35975 -17.4815
0.359875 -10.5798
0.36 -8.45018
0.360125 -11.4457
0.36025 -18.5373
0.360375 -27.4967
0.3605 -35.3745
0.360625 -39.139
0.36075 -36.3661
0.360875 -25.836
0.361 -7.88209
0.361125 15.543
0.36125 41.1831
0.361375 65.0375
0.3615 83.1195
0.361625 92.2191
0.36175 90.5791
0.361875 78.2555
0.362 57.1713
0.362125 30.7697
0.36225 3.38135
0.362375 -20.5695
0.3625 -37.4496
0.362625 -45.0897
0.36275 -43.2033
0.362875 -33.4346
0.363 -19.0131
0.363125 -4.08679
0.36325 7.11759
0.363375 11.1971
0.3635 6.28229
0.363625 -7.52273
0.36375 -28.1069
0.363875 -51.716
0.364 -73.6261
0.364125 -89.0781
0.36425 -94.1843
0.364375 -86.708
0.3645 -66.5485
0.364625 -35.8088
0.36475 1.54658
0.364875 40.3401
0.365 75.1418
0.365125 101.191
0.36525 115.199
0.365375 115.919
0.3655 104.264
0.365625 83.0545
0.36575 56.4357
0.365875 29.0245
0.366 5.04176
0.366125 -12.435
0.36625 -22.0102
0.366375 -24.096
0.3665 -20.6974
0.366625 -14.8779
0.36675 -10.0203
0.366875 -9.05397
0.367 -13.7873
0.367125 -24.504
0.36725 -39.8879
0.367375 -57.2715
0.3675 -73.2057
0.367625 -84.1616
0.36775 -87.2575
0.367875 -80.8767
0.368 -64.9985
0.368125 -41.248
0.36825 -12.5796
0.368375 17.2603
0.3685 44.4348
0.368625 65.6826
0.36875 78.9112
0.368875 83.4753
0.369 80.1857
0.369125 71.0294
0.36925 58.652
0.369375 45.7588
0.3695 34.5109
0.369625 26.1054
0.36975 20.5937
0.369875 16.9637
0.37 13.496
0.370125 8.27706
0.37025 -0.226389
0.370375 -12.6875
0.3705 -28.6281
0.370625 -46.3809
0.37075 -63.3732
0.370875 -76.6088
0.371 -83.2879
0.371125 -81.4551
0.37125 -70.4761
0.371375 -51.2783
0.3715 -26.3018
0.371625 0.907187
0.37175 26.3071
0.371875 46.0859
0.372 57.4197
0.372125 58.995
0.37225 51.278
0.372375 36.4331
0.3725 17.8943
0.372625 -0.291243
0.37275 -14.2937
0.372875 -21.2492
0.373 -19.8395
0.373125 -10.5638
0.37325 4.3626
0.373375 21.4632
0.3735 36.697
0.373625 46.3216
0.37375 47.6668
0.373875 39.7233
0.374 23.4005
0.374125 1.3919
0.37425 -22.3257
0.374375 -43.2371
0.3745 -57.2154
0.374625 -61.3354
0.37475 -54.4935
0.374875 -37.6823
0.375 -13.8405
0.375125 12.6421
0.37525 36.7696
0.375375 53.8632
0.3755 60.4456
0.375625 54.9397
0.37575 37.9695
0.375875 12.2643
0.376 -17.8056
0.376125 -47.0618
0.37625 -70.4433
0.376375 -83.9056
0.3765 -85.1675
0.376625 -74.0591
0.37675 -52.5184
0.376875 -24.1628
0.377 6.41486
0.377125 34.5225
0.37725 56.1969
0.377375 68.9202
0.3775 71.9623
0.377625 66.3925
0.37775 54.735
0.377875 40.3409
0.378 26.6487
0.378125 16.4292
0.37825 11.238
0.378375 11.138
0.3785 14.748
0.378625 19.6184
0.37875 22.8279
0.378875 21.6779
0.379 14.3447
0.379125 0.329832
0.37925 -19.3463
0.379375 -42.3076
0.3795 -65.2458
0.379625 -84.5286
0.37975 -96.9288
0.379875 -100.221
0.38 -93.6035
0.380125 -77.8401
0.38025 -55.0801
0.380375 -28.4177
0.3805 -1.31127
0.380625 23.1043
0.38075 42.5488
0.380875 55.9317
0.381 63.4513
0.381125 66.3655
0.38125 66.5592
0.381375 65.9881
0.3815 66.1217
0.381625 67.5246
0.38175 69.668
0.381875 71.024
0.382 69.4207
0.382125 62.5925
0.38225 48.7975
0.382375 27.3644
0.3825 -0.929069
0.382625 -33.816
0.38275 -67.7705
0.382875 -98.5518
0.383 -121.897
0.383125 -134.338
0.38325 -133.841
0.383375 -120.24
0.3835 -95.3343
0.383625 -62.6013
0.38375 -26.6471
0.383875 7.64468
0.384 35.9397
0.384125 55.2139
0.38425 64.2339
0.384375 63.7285
0.3845 56.1286
0.384625 45.0124
0.38475 34.3035
0.384875 27.4269
0.385 26.575
0.385125 32.2208
0.38525 43.013
0.385375 56.0338
0.3855 67.4216
0.385625 73.185
0.38575 70.0762
0.385875 56.3454
0.386 32.2055
0.386125 -0.0854286
0.38625 -36.5065
0.386375 -71.9866
0.3865 -101.272
0.386625 -119.857
0.38675 -124.848
0.386875 -115.474
0.387 -93.2409
0.387125 -61.6865
0.38725 -25.7181
0.387375 9.25432
0.3875 38.2429
0.387625 57.5849
0.38775 65.4969
0.387875 62.3008
0.388 50.255
0.388125 33.0053
0.38825 14.8293
0.388375 -0.25192
0.3885 -9.23161
0.388625 -10.6603
0.38875 -4.85148
0.388875 6.27535
0.389 19.6803
0.389125 31.8805
0.38925 39.7284
0.389375 41.0639
0.3895 35.1592
0.389625 22.8493
0.38975 6.32833
0.389875 -11.3364
0.39 -26.8438
0.390125 -37.3776
0.39025 -41.1699
0.390375 -37.8535
0.3905 -28.5189
0.390625 -15.4501
0.39075 -1.63788
0.390875 9.88033
0.391 16.6508
0.391125 17.3087
0.39125 11.856
0.391375 1.6286
0.3915 -11.0137
0.391625 -23.1984
0.39175 -32.1842
0.391875 -35.9393
0.392 -33.5715
0.392125 -25.5114
0.39225 -13.3911
0.392375 0.316479
0.3925 12.8733
0.392625 21.8813
0.39275 25.8246
0.392875 24.4118
0.393 18.6513
0.393125 10.6207
0.39325 3.00357
0.393375 -1.54607
0.3935 -1.03469
0.393625 5.35209
0.39375 16.9762
0.393875 31.7885
0.394 46.6636
0.394125 58.0249
0.39425 62.5676
0.394375 57.9805
0.3945 43.5091
0.394625 20.2164
0.39475 -9.10718
0.394875 -40.3479
0.395 -68.8196
0.395125 -90.0869
0.39525 -100.778
0.395375 -99.2556
0.3955 -85.9154
0.395625 -63.1284
0.39575 -34.8278
0.395875 -5.74259
0.396 19.475
0.396125 37.1017
0.39625 45.0647
0.396375 43.2752
0.3965 33.6081
0.396625 19.4784
0.39675 5.11419
0.396875 -5.31575
0.397 -8.59511
0.397125 -3.1288
0.39725 10.6995
0.397375 30.5516
0.3975 52.5874
0.397625 72.1986
0.39775 84.8979
0.397875 87.2412
0.398 77.5068
0.398125 56.0913
0.39825 25.4725
0.398375 -10.204
0.3985 -45.8674
0.398625 -76.3951
0.39875 -97.5701
0.398875 -106.777
0.399 -103.425
0.399125 -88.9909
0.39925 -66.6542
0.399375 -40.662
0.3995 -15.4654
0.399625 5.10394
0.39975 18.5011
0.399875 23.8958
0.4 22.193
0.400125 15.7293
0.40025 7.6954
0.400375 1.39099
0.4005 -0.498876
0.400625 3.52006
0.40075 13.4409
0.400875 27.7812
0.401 43.8985
0.401125 58.5813
0.40125 68.7195
0.401375 71.9591
0.4015 67.1875
0.401625 54.7592
0.40175 36.4011
0.401875 14.8658
0.402 -6.66376
0.402125 -25.2054
0.40225 -38.5485
0.402375 -45.6817
0.4025 -46.9085
0.402625 -43.699
0.40275 -38.2858
0.402875 -33.0983
0.403 -30.167
0.403125 -30.6294
0.40325 -34.4398
0.403375 -40.3651
0.4035 -46.2484
0.403625 -49.5144
0.40375 -47.7757
0.403875 -39.4359
0.404 -24.1366
0.404125 -2.95537
0.40425 21.7062
0.404375 46.4948
0.4045 67.7546
0.404625 82.2132
0.40475 87.6303
0.404875 83.2847
0.405 70.1285
0.405125 50.647
0.40525 28.3701
0.405375 7.19029
0.4055 -9.38983
0.405625 -18.9863
0.40575 -20.7908
0.405875 -15.7326
0.406 -6.28507
0.406125 4.06601
0.40625 11.5664
0.406375 13.0067
0.4065 6.46051
0.406625 -8.24776
0.40675 -29.3919
0.406875 -53.6178
0.407 -76.5278
0.407125 -93.5146
0.40725 -100.649
0.407375 -95.5023
0.4075 -77.6589
0.407625 -48.9013
0.40775 -12.9347
0.407875 25.2264
0.408 60.0978
0.408125 86.746
0.40825 101.623
0.408375 103.178
0.4085 92.1132
0.408625 71.1887
0.40875 44.6601
0.408875 17.4762
0.409 -5.69622
0.409125 -21.3108
0.40925 -27.5562
0.409375 -24.6456
0.4095 -14.6622
0.409625 -1.07579
0.40975 12.0335
0.409875 20.8313
0.41 22.5263
0.410125 15.9403
0.41025 1.74361
0.410375 -17.6981
0.4105 -38.791
0.410625 -57.4705
0.41075 -70.0045
0.410875 -73.7335
0.411 -67.6124
0.411125 -52.3919
0.41125 -30.4823
0.411375 -5.45179
0.4115 18.6578
0.411625 38.1118
0.41175 50.16
0.411875 53.5445
0.412 48.6502
0.412125 37.3593
0.41225 22.5947
0.412375 7.68213
0.4125 -4.32757
0.412625 -11.2829
0.41275 -12.3065
0.412875 -7.90217
0.413 0.233998
0.413125 9.66168
0.41325 17.7823
0.413375 22.4337
0.4135 22.3874
0.413625 17.6004
0.41375 9.20957
0.413875 -0.761229
0.414 -9.88931
0.414125 -15.9306
0.41425 -17.3821
0.414375 -13.8593
0.4145 -6.23263
0.414625 3.51492
0.41475 12.7106
0.414875 18.5736
0.415 18.8504
0.415125 12.3768
0.41525 -0.591708
0.415375 -18.3135
0.4155 -37.8436
0.415625 -55.5552
0.41575 -67.8433
0.415875 -71.8403
0.416 -66.0392
0.416125 -50.6288
0.41625 -27.5402
0.416375 -0.107449
0.4165 27.5286
0.416625 51.1686
0.41675 67.3857
0.416875 74.1472
0.417 71.1932
0.417125 60.0693
0.41725 43.7811
0.417375 26.1598
0.4175 11.0775
0.417625 1.60907
0.41775 -0.603234
0.417875 4.28585
0.418 14.3327
0.418125 26.1983
0.41825 35.8251
0.418375 39.3145
0.4185 33.7721
0.418625 17.9869
0.41875 -7.18501
0.418875 -38.8759
0.419 -72.633
0.419125 -103.145
0.41925 -125.232
0.419375 -134.76
0.4195 -129.418
0.419625 -109.177
0.41975 -76.3137
0.419875 -35.0723
0.42 9.10976
0.420125 50.5017
0.42025 84.0569
0.420375 106.2
0.4205 115.394
0.420625 112.241
0.42075 99.2234
0.420875 80.1013
0.421 59.0934
0.421125 40.0455
0.42125 25.6718
0.421375 17.1159
0.4215 13.8369
0.421625 13.8622
0.42175 14.3334
0.421875 12.2357
0.422 5.1457
0.422125 -8.15994
0.42225 -27.3613
0.422375 -50.561
0.4225 -74.6326
0.422625 -95.7912
0.42275 -110.333
0.422875 -115.354
0.423 -109.344
0.423125 -92.4822
0.42325 -66.6398
0.423375 -35.0214
0.4235 -1.58824
0.423625 29.6213
0.42375 55.2334
0.423875 73.0482
0.424 82.3151
0.424125 83.7388
0.42425 79.1535
0.424375 71.0115
0.4245 61.7849
0.424625 53.391
0.42475 46.8009
0.424875 41.8965
0.425 37.5894
0.425125 32.197
0.42525 23.971
0.425375 11.6458
0.4255 -5.10013
0.425625 -25.4048
0.42575 -47.2296
0.425875 -67.6974
0.426 -83.6079
0.426125 -92.0752
0.42625 -91.1786
0.426375 -80.4122
0.4265 -60.9081
0.426625 -35.3082
0.42675 -7.34427
0.426875 18.7914
0.427 39.2505
0.427125 51.2216
0.42725 53.4672
0.427375 46.5559
0.4275 32.745
0.427625 15.5182
0.42775 -1.09552
0.427875 -13.3582
0.428 -18.5635
0.428125 -15.5882
0.42825 -5.13244
0.428375 10.4272
0.4285 27.5239
0.428625 42.1206
0.42875 50.5776
0.428875 50.412
0.429 40.857
0.429125 23.0756
0.42925 -0.0222669
0.429375 -24.2906
0.4295 -45.1756
0.429625 -58.5942
0.42975 -61.7532
0.429875 -53.7555
0.43 -35.8133
0.430125 -11.0659
0.43025 15.9543
0.430375 40.1916
0.4305 56.9958
0.430625 62.9953
0.43075 56.7667
0.430875 39.0935
0.431 12.8579
0.431125 -17.5098
0.43125 -46.8288
0.431375 -70.1209
0.4315 -83.487
0.431625 -84.8208
0.43175 -74.1171
0.431875 -53.4268
0.432 -26.3975
0.432125 2.45438
0.43225 28.5832
0.432375 48.2889
0.4325 59.3287
0.432625 61.2403
0.43275 55.318
0.432875 44.2133
0.433 31.2955
0.433125 19.9058
0.43325 12.6218
0.433375 10.7418
0.4335 14.046
0.433625 20.8917
0.43375 28.6221
0.433875 34.1767
0.434 34.8041
0.434125 28.6877
0.43425 15.3772
0.434375 -4.05108
0.4345 -27.1864
0.434625 -50.7278
0.43475 -71.0978
0.434875 -85.1621
0.435 -90.7998
0.435125 -87.2898
0.43525 -75.4152
0.435375 -57.2474
0.4355 -35.7121
0.435625 -13.9559
0.43575 5.2643
0.435875 20.1013
0.436 29.8991
0.436125 35.2307
0.43625 37.6229
0.436375 39.0871
0.4365 41.5455
0.436625 46.2821
0.43675 53.5442
0.436875 62.4032
0.437 70.892
0.437125 76.4107
0.43725 76.3087
0.437375 68.5361
0.4375 52.1921
0.437625 27.8929
0.43775 -2.19952
0.437875 -34.6423
0.438 -65.2345
0.438125 -89.7963
0.43825 -104.908
0.438375 -108.557
0.4385 -100.56
0.438625 -82.6092
0.43875 -57.9699
0.438875 -30.9052
0.439 -5.84038
0.439125 13.4521
0.43925 24.5485
0.439375 26.8402
0.4395 21.5908
0.439625 11.6499
0.43975 0.825192
0.439875 -6.93128
0.44 -8.37688
0.440125 -1.69558
0.44025 13.0655
0.440375 33.9462
0.4405 57.3835
0.440625 78.9075
0.44075 93.9922
0.440875 98.9501
0.441 91.7126
0.441125 72.2701
0.44125 42.7708
0.441375 7.15662
0.4415 -29.5039
0.441625 -61.9259
0.44175 -85.5249
0.441875 -97.2746
0.442 -96.1925
0.442125 -83.4847
0.44225 -62.2662
0.442375 -36.9224
0.4425 -12.279
0.442625 7.35212
0.44275 18.9448
0.442875 21.2894
0.443 15.1518
0.443125 3.04321
0.44325 -11.3565
0.443375 -23.9701
0.4435 -31.1889
0.443625 -30.5908
0.44375 -21.4247
0.443875 -4.74524
0.444 16.8238
0.444125 39.6056
0.44425 59.6368
0.444375 73.4273
0.4445 78.6312
0.444625 74.4683
0.44475 61.8338
0.444875 43.0546
0.445 21.4023
0.445125 0.390984
0.44525 -16.907
0.445375 -28.4264
0.4455 -33.4758
0.445625 -32.7618
0.44575 -28.1358
0.445875 -22.1076
0.446 -17.2231
0.446125 -15.4656
0.44625 -17.7968
0.446375 -23.9367
0.4465 -32.4376
0.446625 -41.0131
0.44675 -47.0826
0.446875 -48.3705
0.447 -43.4566
0.447125 -32.1484
0.44725 -15.5829
0.447375 3.96152
0.4475 23.4841
0.447625 39.8936
0.44775 50.6286
0.447875 54.1911
0.448 50.4814
0.448125 40.8128
0.44825 27.6546
0.448375 14.0971
0.4485 3.19946
0.448625 -2.67734
0.44875 -2.39133
0.448875 3.6998
0.449 13.7946
0.449125 24.9962
0.44925 33.9357
0.449375 37.4949
0.4495 33.5129
0.449625 21.3214
0.44975 1.9714
0.449875 -21.8575
0.45 -46.3391
0.450125 -67.1917
0.45025 -80.5143
0.450375 -83.5602
0.4505 -75.3388
0.450625 -56.8508
0.45075 -30.9843
0.450875 -1.99143
0.451 25.2764
0.451125 46.25
0.45125 57.5437
0.451375 57.5745
0.4515 46.8714
0.451625 27.9895
0.45175 5.00655
0.451875 -17.2576
0.452 -34.1503
0.452125 -42.1143
0.45225 -39.3502
0.452375 -26.1728
0.4525 -4.94427
0.452625 20.3892
0.45275 45.0344
0.452875 64.3068
0.453 74.5006
0.453125 73.591
0.45325 61.6048
0.453375 40.5887
0.4535 14.1817
0.453625 -13.0768
0.45375 -36.663
0.453875 -52.9056
0.454 -59.6532
0.454125 -56.659
0.45425 -45.5445
0.454375 -29.4142
0.4545 -12.2011
0.454625 2.17417
0.45475 10.587
0.454875 11.3244
0.455 4.41804
0.455125 -8.40614
0.45525 -24.0911
0.455375 -38.9085
0.4555 -49.2158
0.455625 -52.1884
0.45575 -46.3956
0.455875 -32.0651
0.456 -11.0204
0.456125 13.6704
0.45625 38.3316
0.456375 59.374
0.4565 73.9458
0.456625 80.4538
0.45675 78.7604
0.456875 70.1075
0.457 56.7526
0.457125 41.418
0.45725 26.6724
0.457375 14.4
0.4575 5.4208
0.457625 -0.591288
0.45775 -4.92544
0.457875 -9.42773
0.458 -15.9473
0.458125 -25.7734
0.45825 -39.2072
0.458375 -55.345
0.4585 -72.1515
0.458625 -86.7871
0.45875 -96.1856
0.458875 -97.6842
0.459 -89.6342
0.459125 -71.8359
0.45925 -45.6873
0.459375 -14.056
0.4595 19.2099
0.459625 49.9274
0.45975 74.2994
0.459875 89.6371
0.46 94.8018
0.460125 90.3814
0.46025 78.5277
0.460375 62.4715
0.4605 45.8318
0.460625 31.8697
0.46075 22.7862
0.460875 19.2889
0.461 20.4609
0.461125 23.9827
0.46125 26.6737
0.461375 25.2321
0.4615 17.0311
0.461625 0.799264
0.46175 -22.9651
0.461875 -51.9032
0.462 -82.1478
0.462125 -108.955
0.46225 -127.544
0.462375 -134.048
0.4625 -126.262
0.462625 -104.151
0.46275 -69.9532
0.462875 -27.8681
0.463 16.6254
0.463125 57.6424
0.46325 89.9467
0.463375 109.785
0.4635 115.484
0.463625 107.688
0.46375 89.1285
0.463875 64.0637
0.464 37.4073
0.464125 13.8083
0.46425 -3.20467
0.464375 -11.8087
0.4645 -12.1525
0.464625 -6.18045
0.46475 2.86634
0.464875 11.2156
0.465 15.4027
0.465125 13.0269
0.46525 3.28041
0.465375 -12.8788
0.4655 -32.8964
0.465625 -53.1626
0.46575 -69.7345
0.465875 -79.1454
0.466 -79.1084
0.466125 -69.0036
0.46625 -50.004
0.466375 -24.888
0.4665 2.51079
0.466625 28.0143
0.46675 47.8575
0.466875 59.4041
0.467 61.5672
0.467125 54.9456
0.46725 41.6346
0.467375 24.7342
0.4675 7.69416
0.467625 -6.36425
0.46775 -15.2628
0.467875 -18.1154
0.468 -15.4088
0.468125 -8.78842
0.46825 -0.59805
0.468375 6.6968
0.4685 11.1062
0.468625 11.5624
0.46875 8.14632
0.468875 2.04198
0.469 -4.78128
0.469125 -10.0692
0.46925 -11.8562
0.469375 -8.99529
0.4695 -1.49491
0.469625 9.38627
0.46975 21.3525
0.469875 31.5185
0.47 37.0247
0.470125 35.6781
0.47025 26.4979
0.470375 10.0123
0.4705 -11.7162
0.470625 -35.4257
0.47075 -57.2181
0.470875 -73.27
0.471 -80.6013
0.471125 -77.6482
0.47125 -64.6061
0.471375 -43.4205
0.4715 -17.4389
0.471625 9.22097
0.47175 32.4293
0.471875 48.8684
0.472 56.6349
0.472125 55.5845
0.47225 47.3299
0.472375 34.8571
0.4725 21.887
0.472625 12.0484
0.47275 8.0932
0.472875 11.2743
0.473 21.0259
0.473125 35.0301
0.47325 49.6532
0.473375 60.6567
0.4735 64.0963
0.473625 57.1582
0.47375 38.831
0.473875 10.2239
0.474 -25.514
0.474125 -63.6328
0.47425 -98.624
0.474375 -125.144
0.4745 -138.971
0.474625 -137.749
0.47475 -121.431
0.474875 -92.263
0.475 -54.4135
0.475125 -13.1906
0.47525 25.8721
0.475375 57.9318
0.4755 79.6782
0.475625 89.7718
0.47575 88.9421
0.475875 79.6881
0.476 65.6512
0.476125 50.7973
0.47625 38.5984
0.476375 31.3199
0.4765 29.6272
0.476625 32.5258
0.47675 37.6597
0.476875 41.9
0.477 42.084
0.477125 35.7659
0.47725 21.8027
0.477375 0.665132
0.4775 -25.5624
0.477625 -53.5658
0.47775 -79.3986
0.477875 -99.2033
0.478 -109.972
0.478125 -110.075
0.47825 -99.5592
0.478375 -80.1016
0.4785 -54.6602
0.478625 -26.8828
0.47875 -0.44219
0.478875 21.665
0.479 37.5874
0.479125 46.845
0.47925 50.2861
0.479375 49.731
0.4795 47.4498
0.479625 45.5631
0.47975 45.5111
0.479875 47.7054
0.48 51.4392
0.480125 55.0763
0.48025 56.4722
0.480375 53.5336
0.4805 44.7928
0.480625 29.8526
0.48075 9.62901
0.480875 -13.7294
0.481 -37.1761
0.481125 -57.3059
0.48125 -71.0561
0.481375 -76.3135
0.4815 -72.3812
0.481625 -60.1741
0.48175 -42.0817
0.481875 -21.5302
0.482 -2.34488
0.482125 12.0298
0.48225 19.2021
0.482375 18.3216
0.4825 10.2714
0.482625 -2.51182
0.48275 -16.5131
0.482875 -27.8786
0.483 -33.2097
0.483125 -30.2938
0.48325 -18.6121
0.483375 0.494956
0.4835 24.0392
0.483625 47.9071
0.48375 67.6797
0.483875 79.4803
0.484 80.7525
0.484125 70.8141
0.48425 51.0232
0.484375 24.5589
0.4845 -4.12824
0.484625 -30.1845
0.48475 -49.2502
0.484875 -58.2816
0.485 -56.1588
0.485125 -43.8752
0.48525 -24.3614
0.485375 -1.8971
0.4855 18.7169
0.485625 33.0756
0.48575 38.0559
0.485875 32.4032
0.486 16.9766
0.486125 -5.40001
0.48625 -30.5041
0.486375 -53.5182
0.4865 -69.9334
0.486625 -76.4379
0.48675 -71.51
0.486875 -55.7022
0.487 -31.5058
0.487125 -2.85825
0.48725 25.6225
0.487375 49.4827
0.4875 65.2888
0.487625 71.1967
0.48775 67.2276
0.487875 55.1777
0.488 38.1665
0.488125 19.9754
0.48825 4.23965
0.488375 -6.25916
0.4885 -10.1068
0.488625 -7.48858
0.48875 -0.0571845
0.488875 9.48904
0.489 18.0251
0.489125 22.7134
0.48925 21.6144
0.489375 14.1075
0.4895 1.0164
0.489625 -15.5786
0.48975 -32.7712
0.489875 -47.4689
0.49 -57.0248
0.490125 -59.7851
0.49025 -55.4139
0.490375 -44.9391
0.4905 -30.4965
0.490625 -14.8668
0.49075 -0.847632
0.490875 9.33526
0.491 14.4866
0.491125 14.6852
0.49125 11.2154
0.491375 6.24557
0.4915 2.29387
0.491625 1.61804
0.49175 5.65467
0.491875 14.6284
0.492 27.4368
0.492125 41.829
0.49225 54.8346
0.492375 63.4058
0.4925 65.0707
0.492625 58.5085
0.49275 43.9043
0.492875 22.994
0.493 -1.21439
0.493125 -24.9654
0.49325 -44.5098
0.493375 -56.8249
0.4935 -60.225
0.493625 -54.7349
0.49375 -42.0904
0.493875 -25.4258
0.494 -8.63324
0.494125 4.41698
0.49425 10.6819
0.494375 8.59381
0.4945 -1.56462
0.494625 -17.6753
0.49475 -36.1423
0.494875 -52.6019
0.495 -62.7719
0.495125 -63.3186
0.49525 -52.581
0.495375 -30.9534
0.4955 -0.921779
0.495625 33.3581
0.49575 66.7632
0.495875 94.128
0.496 111.155
0.496125 115.233
0.49625 105.872
0.496375 84.7938
0.4965 55.578
0.496625 22.9776
0.49675 -7.94233
0.496875 -32.7807
0.497 -48.5531
0.497125 -54.1916
0.49725 -50.6489
0.497375 -40.616
0.4975 -27.8862
0.497625 -16.5403
0.49775 -10.0599
0.497875 -10.6103
0.498 -18.5857
0.498125 -32.5279
0.49825 -49.4302
0.498375 -65.3352
0.4985 -76.1673
0.498625 -78.5519
0.49875 -70.5143
0.498875 -51.9139
0.499 -24.5005
0.499125 8.38603
0.49925 42.3823
0.499375 72.9301
0.4995 96.0551
0.499625 109.029
0.49975 110.818
0.499875 102.15
0.5 85.264
0.500125 63.3832
0.50025 40.0779
0.500375 18.5082
0.5005 0.900697
0.500625 -11.7872
0.50075 -19.8979
0.500875 -24.8168
0.501 -28.4957
0.501125 -32.8641
0.50125 -39.2819
0.501375 -48.1322
0.5015 -58.6665
0.501625 -69.1274
0.50175 -77.1284
0.501875 -80.1874
0.502 -76.3488
0.502125 -64.6801
0.50225 -45.5903
0.502375 -20.8678
0.5025 6.57266
0.502625 33.2026
0.50275 55.4764
0.502875 70.5718
0.503 76.8757
0.503125 74.2986
0.50325 64.2727
0.503375 49.4359
0.5035 33.1085
0.503625 18.5613
0.50375 8.36659
0.503875 3.86603
0.504 4.90933
0.504125 9.91414
0.50425 16.2419
0.504375 20.7959
0.5045 20.7651
0.504625 14.293
0.50475 0.9759
0.504875 -17.9405
0.505 -39.714
0.505125 -60.5965
0.50525 -76.516
0.505375 -83.9596
0.5055 -80.6845
0.505625 -66.2596
0.50575 -42.2585
0.505875 -12.0505
0.506 19.6926
0.506125 47.9028
0.50625 67.9831
0.506375 76.6762
0.5065 72.6843
0.506625 56.9293
0.50675 32.3878
0.506875 3.60213
0.507 -24.2215
0.507125 -46.1261
0.50725 -58.32
0.507375 -58.8581
0.5075 -47.9613
0.507625 -27.9578
0.50775 -2.77088
0.507875 22.8416
0.508 44.2084
0.508125 57.628
0.50825 61.0442
0.508375 54.3818
0.5085 39.5098
0.508625 19.7889
0.50875 -0.637658
0.508875 -17.7007
0.509 -28.2254
0.509125 -30.5534
0.50925 -24.8465
0.509375 -13.021
0.5095 1.68785
0.509625 15.415
0.50975 24.4788
0.509875 26.1519
0.51 19.228
0.510125 4.30233
0.51025 -16.3466
0.510375 -39.1818
0.5105 -60.089
0.510625 -75.1636
0.51075 -81.4485
0.510875 -77.4732
0.511 -63.5142
0.511125 -41.4913
0.51125 -14.5691
0.511375 13.4659
0.5115 38.9177
0.511625 58.8453
0.51175 71.4985
0.511875 76.5737
#m=1,S=0
0 -11.3816
0.001 -41.5847
0.002 109.632
0.003 -63.1271
0.004 -29.0245
0.005 30.0925
0.006 20.0689
0.007 -1.12157
0.008 -52.2003
0.009 25.1134
0.01 52.3733
0.011 -65.6502
0.012 28.4372
0.013 -34.8188
0.014 66.3905
0.015 -42.6062
0.016 -3.83534
0.017 -4.98522
0.018 20.2837
0.019 39.4021
0.02 -97.2532
0.021 33.4129
0.022 77.4396
0.023 -69.9936
0.024 -24.6988
0.025 32.0697
0.026 61.6107
0.027 -97.3412
0.028 23.0911
0.029 45.8785
0.03 -49.2301
0.031 46.759
0.032 -54.1141
0.033 20.5903
0.034 22.6885
0.035 5.53146
0.036 -56.4161
0.037 9.26
0.038 92.712
0.039 -85.0778
0.04 -32.9791
0.041 87.9815
0.042 -28.5451
0.043 -4.3672
0.044 -54.3824
0.045 90.9421
0.046 -40.6662
0.047 -3.49935
0.048 -13.5114
0.049 13.2525
0.05 37.2417
0.051 -48.533
0.052 -10.0828
0.053 43.0002
0.054 -16.5506
0.055 23.1128
0.056 -84.1616
0.057 89.272
0.058 -12.2112
0.059 -18.51
0.06 -42.3216
0.061 58.5494
0.062 37.29
0.063 -104.26
0.064 34.1536
0.065 62.6617
0.066 -56.3994
0.067 5.01287
0.068 -13.6916
0.069 49.6477
0.07 -44.3681
0.071 30.638
0.072 -38.6481
0.073 4.74782
0.074 82.3284
0.075 -101.31
0.076 3.44064
0.077 65.8808
0.078 -1.54937
0.079 -71.4788
0.08 12.5949
0.081 90.3948
0.082 -80.7989
0.083 -5.30499
0.084 35.4606
0.085 -16.5806
0.086 35.1589
0.087 -67.5682
0.088 44.3643
0.089 -9.95873
0.09 33.5082
0.091 -53.805
0.092 -6.63338
0.093 70.7115
0.094 -34.616
0.095 -33.9935
0.096 19.0779
0.097 22.9741
0.098 26.4676
0.099 -110.034
0.1 89.1257
0.101 -1.4691
0.102 -5.62732
0.103 -57.3982
0.104 51.9976
0.105 30.4605
0.106 -64.7824
0.107 21.67
0.108 10.8056
0.109 -14.4235
0.11 45.7572
0.111 -77.8496
0.112 39.9136
0.113 11.7858
0.114 28.9865
0.115 -99.6591
0.116 49.1543
0.117 84.2199
0.118 -111.403
0.119 6.88644
0.12 56.6273
0.121 -6.58643
0.122 -34.5647
0.123 -8.37753
0.124 53.0702
0.125 -43.7096
0.126 35.3725
0.127 -41.3939
0.128 -3.4573
0.129 78.4734
0.13 -74.1598
0.131 -0.447453
0.132 10.3591
0.133 60.0638
0.134 -68.2277
0.135 -24.8576
0.136 76.4067
0.137 -19.091
0.138 -26.1076
0.139 -14.1594
0.14 34.0136
0.141 38.1
0.142 -98.8028
0.143 63.9044
0.144 -15.5959
0.145 33.0113
0.146 -51.4511
0.147 11.2162
0.148 22.2785
0.149 -3.61163
0.15 3.63576
0.151 -47.27
0.152 31.9271
0.153 71.6425
0.154 -120.875
0.155 39.1695
0.156 31.9161
0.157 28.7561
0.158 -109.157
0.159 61.7446
0.16 47.6904
0.161 -72.0474
0.162 23.6264
0.163 -0.750074
0.164 -1.44003
0.165 30.7895
0.166 -45.1665
0.167 7.71112
0.168 1.35919
0.169 68.5106
0.17 -104.259
0.171 12.6727
0.172 91.3613
0.173 -65.5099
0.174 -16.8965
0.175 5.42728
0.176 61.6389
0.177 -46.1981
0.178 -31.8832
0.179 48.1378
0.18 -8.69631
0.181 13.8149
0.182 -48.0281
0.183 18.4232
0.184 49.5984
0.185 -57.9018
0.186 26.8822
0.187 -44.0598
0.188 76.1958
0.189 -33.7916
0.19 -33.0681
0.191 13.5615
0.192 42.7328
0.193 -5.48041
0.194 -80.7264
0.195 55.7808
0.196 67.4069
0.197 -114.409
0.198 44.4939
0.199 1.49731
0.2 39.2632
0.201 -70.3922
0.202 39.1541
0.203 -8.29828
0.204 -1.36693
0.205 38.5462
0.206 -71.6267
0.207 14.2163
0.208 82.8919
0.209 -76.1164
0.21 -15.6713
0.211 22.6555
0.212 79.9242
0.213 -120.869
0.214 28.5063
0.215 56.7281
0.216 -37.2202
0.217 1.51616
0.218 -25.3579
0.219 40.3248
0.22 1.62255
0.221 -27.1951
0.222 2.00433
0.223 -7.16898
0.224 64.8444
0.225 -71.6033
0.226 -4.32003
0.227 47.5072
0.228 -8.85009
0.229 -0.697972
0.23 -69.3927
0.231 97.1186
0.232 -15.0519
0.233 -50.291
0.234 2.98149
0.235 48.7589
0.236 5.04917
0.237 -76.662
0.238 45.4279
0.239 35.5365
0.24 -59.1572
0.241 47.5685
0.242 -60.6178
0.243 59.8433
0.244 -13.8489
0.245 0.2145
0.246 -54.1431
0.247 61.7717
0.248 40.3748
0.249 -112.632
0.25 31.5004
0.251 87.8035
0.252 -78.7492
0.253 -3.65117
0.254 2.03534
0.255 70.0093
0.256 -85.423
0.257 38.0272
0.258 -12.987
0.259 5.00578
0.26 37.6552
0.261 -65.1896
0.262 12.1995
0.263 46.9544
0.264 -16.1816
0.265 -32.9586
0.266 -15.8162
0.267 98.1945
0.268 -75.7731
0.269 -11.5994
0.27 21.9593
0.271 26.9316
0.272 -3.62995
0.273 -77.9547
0.274 81.5058
0.275 -2.66208
0.276 -29.26
0.277 -9.29928
0.278 14.4826
0.279 33.0287
0.28 -45.2721
0.281 12.5185
0.282 -8.04998
0.283 15.5901
0.284 42.2548
0.285 -114.704
0.286 78.5593
0.287 23.0456
0.288 -25.5127
0.289 -68.2573
0.29 81.4429
0.291 29.0781
0.292 -98.9559
0.293 38.6414
0.294 40.2301
0.295 -44.835
0.296 32.5434
0.297 -51.5307
0.298 51.3071
0.299 -23.1788
0.3 38.3338
0.301 -82.244
0.302 44.9596
0.303 62.8972
0.304 -88.0573
0.305 -4.40241
0.306 59.9319
0.307 -4.17257
0.308 -33.7063
0.309 -33.3312
0.31 95.8533
0.311 -59.0026
0.312 6.92786
0.313 -24.376
0.314 39.7413
0.315 16.1701
0.316 -66.0014
0.317 37.6792
0.318 -0.0782572
0.319 16.0751
0.32 -18.9001
0.321 -36.643
0.322 62.8631
0.323 -10.6878
0.324 -15.4743
0.325 -45.1179
0.326 70.4229
0.327 29.0738
0.328 -125.379
0.329 80.0758
0.33 18.9833
0.331 -17.0736
0.332 -49.118
0.333 47.4238
0.334 14.2103
0.335 -40.0046
0.336 30.588
0.337 -33.7675
0.338 12.1601
0.339 65.3712
0.34 -105.249
0.341 38.0629
0.342 24.6129
0.343 33.4643
0.344 -114.084
0.345 63.4383
0.346 56.5873
0.347 -74.7446
0.348 -1.03874
0.349 28.178
0.35 7.16998
0.351 0.629169
0.352 -54.3339
0.353 61.9848
0.354 -30.7696
0.355 43.2467
0.356 -74.1574
0.357 34.0499
0.358 39.8421
0.359 -38.972
0.36 -8.45011
0.361 -7.88499
0.362 57.1747
0.363 -19.0152
0.364 -73.6234
0.365 75.1375
0.366 5.0447
0.367 -13.7862
0.368 -65.0013
0.369 80.1867
0.37 13.4966
0.371 -83.2875
0.372 57.4188
0.373 -19.8403
0.374 23.4034
0.375 -13.8442
0.376 -17.8012
0.377 6.41055
0.378 26.6505
0.379 14.3462
0.38 -93.6052
0.381 63.4506
0.382 69.4213
0.383 -121.894
0.384 35.9362
0.385 26.5746
0.386 32.2098
0.387 -93.245
0.388 50.2572
0.389 19.6783
0.39 -26.8418
0.391 16.6503
0.392 -33.5723
0.393 18.6524
0.394 46.6615
0.395 -68.8157
0.396 19.4717
0.397 -8.59526
0.398 77.5092
0.399 -103.426
0.4 22.1937
0.401 43.896
0.402 -6.66063
0.403 -30.1672
0.404 -24.1394
0.405 70.1311
0.406 -6.28669
0.407 -76.5246
0.408 60.0929
0.409 -5.69313
0.41 22.5267
0.411 -67.6141
0.412 48.6516
0.413 0.232552
0.414 -9.88806
0.415 18.8509
0.416 -66.0409
0.417 71.1944
0.418 14.3309
0.419 -72.6278
0.42 9.10278
0.421 59.0967
0.422 5.14733
0.423 -109.346
0.424 82.3143
0.425 37.5901
0.426 -83.6058
0.427 39.2478
0.428 -18.5633
0.429 40.8593
0.43 -35.8169
0.431 12.8626
0.432 -26.4022
0.433 31.2976
0.434 34.8045
0.435 -90.7997
0.436 29.8979
0.437 70.8908
0.438 -65.2298
0.439 -5.84417
0.44 -8.37729
0.441 91.7149
0.442 -96.1937
0.443 15.1534
0.444 16.82
0.445 21.406
0.446 -17.2237
0.447 -43.458
0.448 50.4826
0.449 13.7927
0.45 -46.3351
0.451 25.2721
0.452 -34.1481
0.453 74.4998
0.454 -59.6529
0.455 4.41981
0.456 -11.0245
0.457 56.7552
0.458 -15.9459
0.459 -89.6365
0.46 94.8017
0.461 20.4604
0.462 -82.1426
0.463 16.6177
0.464 37.4119
0.465 15.4025
0.466 -79.1093
0.467 61.5676
0.468 -15.4097
0.469 -4.78014
0.47 37.0242
0.471 -80.6009
0.472 56.6343
0.473 21.0236
0.474 -25.5072
0.475 -54.4208
0.476 65.6539
0.477 42.0845
0.478 -109.971
0.479 37.5851
0.48 51.4385
0.481 -37.172
0.482 -2.34804
0.483 -33.2094
0.484 80.7533
0.485 -56.1602
0.486 16.9802
0.487 -31.5108
0.488 38.1699
0.489 18.0238
0.49 -57.0236
0.491 14.4861
0.492 27.4342
0.493 -1.20978
0.494 -8.63616
0.495 -62.7708
0.496 111.153
0.497 -48.5511
0.498 -18.5836
0.499 -24.5063
0.5 85.2678
0.501 -28.495
0.502 -76.3502
0.503 76.8754
0.504 4.90868
0.505 -39.7098
0.506 19.6867
0.507 -24.2165
0.508 44.2049
0.509 -28.2241
0.51 19.2301
0.511 -63.5177
